10000,33.6175938279518,23.6685749694717,33.3884558274236,28.563370450425,7.05189054559998,12.3114409958297,18.5677334230604,10.2046424555677,8.5987132019075,18.5979047304091,18.2624160196761,10.1374098326341,18.7166437913626,11.0234561427781,9.0463646535988,17.5365649211788,17.6295468569212,11.5622945076905,17.8586509396503,9.53803230288966,11.3866391794145,17.458975372839,16.8428157702886,9.87905543607866,17.2725795633745,7.53671404677334,9.86122360756634,18.1630787481782,17.0792529608054
33.6175938279518,10000,14.2701407010791,10.9850114183206,11.7791744539913,36.3249424728219,35.4501894692691,34.417459022197,32.2958514073405,32.8982310230344,36.0280310272069,36.3086844736996,34.2377747953392,36.0568695417303,34.6494485824568,34.2238869619508,37.0376250594221,35.7842373165793,32.8578240987089,34.5482694070738,31.1605593477529,34.5142835594641,34.8768374146558,34.4226049426412,34.2913816614222,37.1434811589307,33.9471140913843,32.3008122870577,34.8429348509174,37.1952561212939
23.6685749694717,14.2701407010791,10000,14.5334728858813,14.9431696136523,28.3876042523546,29.1126092974447,30.7740454692721,24.6059749029231,24.6108936342037,32.3675200981875,32.4696896203852,27.0614464056847,32.4483383387437,27.7469865407376,26.6359286964481,32.8684719199724,31.7313572800597,25.9593636368776,30.6282213801749,22.7205366913338,27.6764654905186,30.6663676614078,29.9874902111931,26.8949368784552,32.8377524362462,25.568217392761,24.4161966445693,31.0408635869542,32.8043401849785
33.3884558274236,10.9850114183206,14.5334728858813,10000,20.8372615089257,37.1094112026818,38.1526017360623,38.8140380570601,35.1062703549008,35.0840448485263,39.8851663690902,39.9939786860741,36.7768038842476,39.929632472345,37.2578720317974,36.4524722606529,40.2817005669967,39.5595731198637,36.0084245277575,38.7746526317433,33.6856687893295,37.1741782455209,38.7828199868052,38.4288316309217,36.6846123379588,40.3062892343356,35.6823664392829,34.9852548799908,39.0457889541702,40.2876224336174
28.563370450425,11.7791744539913,14.9431696136523,20.8372615089257,10000,30.3517627369774,28.0266960405669,26.0948432085563,24.6696545773845,25.7283031689249,28.1918088192634,28.6250652489246,26.7498238108159,28.2417760568965,27.1537174269383,26.9533758379239,29.6001376564033,27.9056404196739,24.8702001779639,26.2378161362311,23.7534088538659,26.9610620655454,26.7419158637611,26.1238243909837,26.9760699012997,29.8062330401756,27.1530548668755,24.7081680172429,26.6461582113902,29.8899385322723
7.05189054559998,36.3249424728219,28.3876042523546,37.1094112026818,30.3517627369774,10000,7.7509654741226,14.1518574510751,9.29901810613179,8.16868624487664,13.396760362883,12.8953837252892,6.8720122414571,13.4902945291859,7.43379629636451,6.36051340500337,11.8849801462021,12.4507659411178,9.51799715915716,13.4303193065716,10.5388446063498,8.21811764328669,13.2250365580576,12.6876005662864,6.89609633195257,11.5338420444695,6.37318866757853,9.1635851201303,13.5195229404852,11.2634312810362
12.3114409958297,35.4501894692691,29.1126092974447,38.1526017360623,28.0266960405669,7.7509654741226,10000,7.23545825422646,5.93836591080642,6.3056838193432,7.09441368995098,6.69873240240195,3.2060986663534,7.25139860929459,2.62434199134661,4.17404883711217,6.52344400294749,6.08722626776317,4.98378613360499,6.66873150577268,8.6632541355769,3.62590852238737,7.04809768243326,6.1074548013274,3.24919325075135,6.04521252495195,5.84476972350776,6.18305127373968,6.70005063616446,5.96524908117347
18.5677334230604,34.417459022197,30.7740454692721,38.8140380570601,26.0948432085563,14.1518574510751,7.23545825422646,10000,10.4691447760283,11.798847639937,2.99328431644875,3.54590162155889,9.03923567515572,3.03341831539603,8.38424937746807,10.2249954561717,5.23251378358253,2.8093409425447,8.56533134643512,1.58421097275023,12.8323829224501,8.53410748181097,4.41889680667053,3.32170295266188,9.56153206553864,5.32912053578192,12.2277600265407,10.8162890852397,1.13370479123124,5.59671797208008
10.2046424555677,32.2958514073405,24.6059749029231,35.1062703549008,24.6696545773845,9.29901810613179,5.93836591080642,10.4691447760283,10000,2.63429854562292,11.6859494334328,11.5676148805021,3.87013138223541,11.8008436467834,4.53098519967364,3.92428808421129,11.7779344137932,10.6317131507678,3.17956391677211,9.96900378909869,3.63727714172606,4.93323209447148,10.2236912042138,9.09014296929966,3.61199688771249,11.50601291693,4.02683725473294,1.57162856239931,10.3578786321784,11.481902410059
8.5987132019075,32.8982310230344,24.6108936342037,35.0840448485263,25.7283031689249,8.16868624487664,6.3056838193432,11.798847639937,2.63429854562292,10000,12.5902124520608,12.4464978390317,3.91153307524882,12.7289301883124,4.45817316834316,3.18305910583544,12.2621133486949,11.5983077745384,4.02385389548101,11.1959784425468,3.25199937136643,4.63468552501897,10.9291029069179,10.0401034677099,3.37924829624573,12.0914643484359,2.2705262957746,1.77488774776399,11.6139957121587,12.0099460268786
18.5979047304091,36.0280310272069,32.3675200981875,39.8851663690902,28.1918088192634,13.396760362883,7.09441368995098,2.99328431644875,11.6859494334328,12.5902124520608,10000,1.28434206843302,9.44310774744389,0.782694001688319,8.64318348183374,10.5283144150492,2.61108482587131,1.4993382458464,9.70330865268577,2.9759524282412,14.0810506463182,8.80935272212804,4.48249148747301,4.1646365836669,9.95100871781169,2.89511826836129,12.5908893122392,11.9314084348053,2.36148274031325,3.20209273617258
18.2624160196761,36.3086844736996,32.4696896203852,39.9939786860741,28.6250652489246,12.8953837252892,6.69873240240195,3.54590162155889,11.5676148805021,12.4464978390317,1.28434206843302,10000,9.22612491622682,1.49220616657968,8.48794270564271,10.3581118666269,2.62246799199751,1.5295573931219,9.82285453232178,3.76269261249162,14.1514117857648,8.86597621539293,5.46495088844386,4.95176800709331,9.63430757917909,2.1067349737753,12.2759485128957,11.8528318960484,2.86497957279865,2.36254225918484
10.1374098326341,34.2377747953392,27.0614464056847,36.7768038842476,26.7498238108159,6.8720122414571,3.2060986663534,9.03923567515572,3.87013138223541,3.91153307524882,9.44310774744389,9.22612491622682,10000,9.5434955454671,1.62910780809847,1.59093651562977,8.95312183792623,8.32702251951531,3.11117691964173,8.36065019932872,6.13730687008553,2.84289020021766,8.42592791376848,7.4112005751368,1.59501792215264,8.75457769986318,3.67883469415018,3.79575105272011,8.67890766057763,8.6439643405098
18.7166437913626,36.0568695417303,32.4483383387437,39.929632472345,28.2417760568965,13.4902945291859,7.25139860929459,3.03341831539603,11.8008436467834,12.7289301883124,0.782694001688319,1.49220616657968,9.5434955454671,10000,8.74071028502939,10.6421166516864,2.65580156339941,1.39828889406642,9.79210227628877,3.02568443823497,14.1784689743661,8.9379513387783,4.57574792281407,4.26095493291113,10.101576453313,3.00849983111987,12.7289113643694,12.0594890987261,2.41990080615075,3.32176624100955
11.0234561427781,34.6494485824568,27.7469865407376,37.2578720317974,27.1537174269383,7.43379629636451,2.62434199134661,8.38424937746807,4.53098519967364,4.45817316834316,8.64318348183374,8.48794270564271,1.62910780809847,8.74071028502939,10000,2.2865849880968,8.05818392733148,7.60753037199061,3.17868455098711,7.63874648892808,6.60163093775395,1.76436856863475,7.4251269614121,6.53529884403989,2.2395985499442,7.99888599905082,4.4075282804949,4.36755512285224,8.02013341948527,7.90503179495762
9.0463646535988,34.2238869619508,26.6359286964481,36.4524722606529,26.9533758379239,6.36051340500337,4.17404883711217,10.2249954561717,3.92428808421129,3.18305910583544,10.5283144150492,10.3581118666269,1.59093651562977,10.6421166516864,2.2865849880968,10000,9.84291996692662,9.48946251599763,3.4590567694484,9.45281323904998,5.4706244980938,2.86816561703188,9.14610718524055,8.31625476094169,2.01491984689277,9.76360829525427,2.84574142877651,3.58642502190822,9.86646774426673,9.65127149669172
17.5365649211788,37.0376250594221,32.8684719199724,40.2817005669967,29.6001376564033,11.8849801462021,6.52344400294749,5.23251378358253,11.7779344137932,12.2621133486949,2.61108482587131,2.62246799199751,8.95312183792623,2.65580156339941,8.05818392733148,9.84291996692662,10000,2.77880985263367,9.74214516536662,4.70809367822277,14.0228694367114,8.21614367904899,4.94297614388307,5.03858701072127,9.50051584434068,1.92962219043806,11.9528010893561,11.9112989468279,4.48934503416019,2.0654973966719
17.6295468569212,35.7842373165793,31.7313572800597,39.5595731198637,27.9056404196739,12.4507659411178,6.08722626776317,2.8093409425447,10.6317131507678,11.5983077745384,1.4993382458464,1.5295573931219,8.32702251951531,1.39828889406642,7.60753037199061,9.48946251599763,2.77880985263367,10000,8.70857391177169,2.67780459097573,13.1261236019964,7.95246974747169,4.54192659527705,3.79996449649064,8.9044453016295,2.8172241719901,11.5721315079286,10.9215939739765,2.08092571738966,3.03011013189617
11.5622945076905,32.8578240987089,25.9593636368776,36.0084245277575,24.8702001779639,9.51799715915716,4.98378613360499,8.56533134643512,3.17956391677211,4.02385389548101,9.70330865268577,9.82285453232178,3.11117691964173,9.79210227628877,3.17868455098711,3.4590567694484,9.74214516536662,8.70857391177169,10000,7.79139055994444,4.63358653417346,2.93260692352581,7.56751193990797,6.55302806768051,3.80681366922773,9.87327410421015,5.29288725844275,3.06799678148529,8.45852604623918,9.88078361373446
17.8586509396503,34.5482694070738,30.6282213801749,38.7746526317433,26.2378161362311,13.4303193065716,6.66873150577268,1.58421097275023,9.96900378909869,11.1959784425468,2.9759524282412,3.76269261249162,8.36065019932872,3.02568443823497,7.63874648892808,9.45281323904998,4.70809367822277,2.67780459097573,7.79139055994444,10000,12.1606876816752,7.60266059423717,3.1141608380653,2.03785791698573,9.02593088588461,5.1660347146441,11.655693629286,10.2837037731252,1.48503867246992,5.43842232822544
9.53803230288966,31.1605593477529,22.7205366913338,33.6856687893295,23.7534088538659,10.5388446063498,8.6632541355769,12.8323829224501,3.63727714172606,3.25199937136643,14.0810506463182,14.1514117857648,6.13730687008553,14.1784689743661,6.60163093775395,5.4706244980938,14.0228694367114,13.1261236019964,4.63358653417346,12.1606876816752,10000,6.3086930975578,11.7241972447229,10.8902463182199,6.11559836493664,14.0913202214062,5.23702962452524,3.08506860628901,12.8124715433576,14.0716056059439
11.3866391794145,34.5142835594641,27.6764654905186,37.1741782455209,26.9610620655454,8.21811764328669,3.62590852238737,8.53410748181097,4.93323209447148,4.63468552501897,8.80935272212804,8.86597621539293,2.84289020021766,8.9379513387783,1.76436856863475,2.86816561703188,8.21614367904899,7.95246974747169,2.93260692352581,7.60266059423717,6.3086930975578,10000,6.76637007470488,6.16907055047526,3.38296726503538,8.43581392459188,5.04002602045651,4.58031497295277,8.19929342508916,8.4046095388357
17.458975372839,34.8768374146558,30.6663676614078,38.7828199868052,26.7419158637611,13.2250365580576,7.04809768243326,4.41889680667053,10.2236912042138,10.9291029069179,4.48249148747301,5.46495088844386,8.42592791376848,4.57574792281407,7.4251269614121,9.14610718524055,4.94297614388307,4.54192659527705,7.56751193990797,3.1141608380653,11.7241972447229,6.76637007470488,10000,1.77016161538968,9.16358431962002,6.1366935898798,11.4956553708131,10.2408792253394,4.23213073181856,6.37343845110531
16.8428157702886,34.4226049426412,29.9874902111931,38.4288316309217,26.1238243909837,12.6876005662864,6.1074548013274,3.32170295266188,9.09014296929966,10.0401034677099,4.1646365836669,4.95176800709331,7.4112005751368,4.26095493291113,6.53529884403989,8.31625476094169,5.03858701072127,3.79996449649064,6.55302806768051,2.03785791698573,10.8902463182199,6.16907055047526,1.77016161538968,10000,8.15150317473905,5.85288655368462,10.6354890092103,9.20027684652787,3.2432213974696,6.05252038264592
9.87905543607866,34.2913816614222,26.8949368784552,36.6846123379588,26.9760699012997,6.89609633195257,3.24919325075135,9.56153206553864,3.61199688771249,3.37924829624573,9.95100871781169,9.63430757917909,1.59501792215264,10.101576453313,2.2395985499442,2.01491984689277,9.50051584434068,8.9044453016295,3.80681366922773,9.02593088588461,6.11559836493664,3.38296726503538,9.16358431962002,8.15150317473905,10000,9.11301347832662,2.84765169659778,3.51842785205935,9.20571726076714,8.9960799760873
17.2725795633745,37.1434811589307,32.8377524362462,40.3062892343356,29.8062330401756,11.5338420444695,6.04521252495195,5.32912053578192,11.50601291693,12.0914643484359,2.89511826836129,2.1067349737753,8.75457769986318,3.00849983111987,7.99888599905082,9.76360829525427,1.92962219043806,2.8172241719901,9.87327410421015,5.1660347146441,14.0913202214062,8.43581392459188,6.1366935898798,5.85288655368462,9.11301347832662,10000,11.607044146173,11.7444710416167,4.49019085065174,0.552805710135495
7.53671404677334,33.9471140913843,25.568217392761,35.6823664392829,27.1530548668755,6.37318866757853,5.84476972350776,12.2277600265407,4.02683725473294,2.2705262957746,12.5908893122392,12.2759485128957,3.67883469415018,12.7289113643694,4.4075282804949,2.84574142877651,11.9528010893561,11.5721315079286,5.29288725844275,11.655693629286,5.23702962452524,5.04002602045651,11.4956553708131,10.6354890092103,2.84765169659778,11.607044146173,10000,3.52401072416916,11.8980036254623,11.4650557706275
9.86122360756634,32.3008122870577,24.4161966445693,34.9852548799908,24.7081680172429,9.1635851201303,6.18305127373968,10.8162890852397,1.57162856239931,1.77488774776399,11.9314084348053,11.8528318960484,3.79575105272011,12.0594890987261,4.36755512285224,3.58642502190822,11.9112989468279,10.9215939739765,3.06799678148529,10.2837037731252,3.08506860628901,4.58031497295277,10.2408792253394,9.20027684652787,3.51842785205935,11.7444710416167,3.52401072416916,10000,10.7139676276246,11.6922472545402
18.1630787481782,34.8429348509174,31.0408635869542,39.0457889541702,26.6461582113902,13.5195229404852,6.70005063616446,1.13370479123124,10.3578786321784,11.6139957121587,2.36148274031325,2.86497957279865,8.67890766057763,2.41990080615075,8.02013341948527,9.86646774426673,4.48934503416019,2.08092571738966,8.45852604623918,1.48503867246992,12.8124715433576,8.19929342508916,4.23213073181856,3.2432213974696,9.20571726076714,4.49019085065174,11.8980036254623,10.7139676276246,10000,4.77694603541333
17.0792529608054,37.1952561212939,32.8043401849785,40.2876224336174,29.8899385322723,11.2634312810362,5.96524908117347,5.59671797208008,11.481902410059,12.0099460268786,3.20209273617258,2.36254225918484,8.6439643405098,3.32176624100955,7.90503179495762,9.65127149669172,2.0654973966719,3.03011013189617,9.88078361373446,5.43842232822544,14.0716056059439,8.4046095388357,6.37343845110531,6.05252038264592,8.9960799760873,0.552805710135495,11.4650557706275,11.6922472545402,4.77694603541333,10000
