10000,280.39635401211,262.142217131399,231.31056521442,295.7464290651,108.6823224828,156.91839937574,207.7038477347,134.6056506003,105.0603843591,211.765314515899,216.04866341655,134.40465243244,210.968245483879,138.79589304092,121.5059679867,206.9016561214,203.462570699379,151.2107141003,201.94734970211,138.378367784,144.43484618192,197.891250908444,195.368697779139,130.0573739658,212.84815646576,100.21227978566,127.95899270879,206.60762530416,212.57591451465
280.39635401211,10000,233.30910502069,143.71120271913,158.12608528939,295.52881762171,263.603647933569,295.587054571409,220.834343133809,236.100654211009,319.020283614809,327.929868482359,241.341774607669,314.170518850229,242.081914972789,239.079984811209,322.65615631071,310.93733460893,224.452861868409,287.727432162599,224.395669527309,243.496549748949,284.304597270954,276.01599173777,248.731665297109,331.445627269669,249.491331672769,228.538386489319,299.04508086335,332.913364027719
262.142217131399,233.30910502069,10000,211.81575574502,147.1807305525,327.0141292938,324.96930993966,314.8244649747,268.9669330823,267.2288141935,340.7031433641,351.12496206365,302.24780891616,335.80494703352,301.29105084868,292.0004322577,348.475105102,336.746021859419,274.8366865711,310.90209095989,241.7511764194,300.819163140839,309.273004720246,304.35019748106,302.0694208916,361.00543677356,289.69847447126,262.58032631981,320.511436972639,363.64109686701
231.31056521442,143.71120271913,211.81575574502,10000,249.53701880852,265.62981521942,246.44224542648,281.49303064172,197.79561079012,203.32954232332,302.773524393121,308.317752012671,219.95003141398,301.08044682454,220.9603895791,212.76268419352,302.585369755021,291.76087729124,206.76090531512,274.82022155031,197.73273210642,223.19783304262,271.538172335825,261.117153968521,218.41724304722,308.60661943998,211.54467245908,195.13196881163,283.06249208366,309.913860698031
295.7464290651,158.12608528939,147.1807305525,249.53701880852,10000,290.5282803707,247.33833066656,241.3780838624,213.8453183268,232.489443416,269.2643653258,279.532751935349,224.88157530066,264.41460056122,222.71906753578,226.9261153042,279.7073177337,264.995416001919,207.9166054814,236.458742487589,236.7313988271,220.96130759914,231.676509436345,226.29885261904,231.0946458501,291.899235859259,241.76311196576,222.15594728231,246.161543280339,295.345907966709
108.6823224828,295.52881762171,327.0141292938,265.62981521942,290.5282803707,10000,95.7687551493399,154.7200581397,147.9157029479,133.7750065667,151.5832441801,147.85697351715,105.06832461804,149.79821436332,105.50738160812,102.3288950123,138.779534714,136.41560367182,148.4764933919,153.66010809855,184.0348297756,115.55199339152,151.607300545244,149.34799134394,102.0467486826,138.52777062636,102.62950195694,148.34049904039,153.06574047396,135.36282115845
156.91839937574,263.603647933569,324.96930993966,246.44224542648,247.33833066656,95.7687551493399,10000,104.90623388584,95.5332673317599,102.25434590836,103.37499590316,102.11467932859,52.61646134858,102.25844877098,44.2345322790599,66.66130597684,97.13541295314,86.1883699177599,80.68409863116,98.39345373161,141.53504138946,56.17454179778,89.1754068033848,83.984587889,47.7222918270599,95.3834682094999,85.4301133997999,96.7127129922497,100.7299805513,94.7548017511501
207.7038477347,295.587054571409,314.8244649747,281.49303064172,241.3780838624,154.7200581397,104.90623388584,10000,144.2483919006,162.1944950342,53.790393277,63.65520690895,120.35879001666,51.10327009882,113.91736160002,133.3465817002,79.7757667478999,43.98455724472,129.970678486,23.68682434399,187.4795733623,123.48474433034,65.6006635397452,52.85611377264,124.8554592203,84.0026347188602,155.77637424736,150.17331425135,15.22613372374,87.52514018431
134.6056506003,220.834343133809,268.9669330823,197.79561079012,213.8453183268,147.9157029479,95.5332673317599,144.2483919006,10000,45.2630461264,163.0957998514,169.89717775265,60.21157378806,160.71002631422,70.8256307008199,62.8224969565999,167.0721461079,150.14628531692,45.8473499347999,136.33639695661,58.1646667794999,82.9854417629398,128.966920615255,120.12589943264,59.9677266313,173.61147257786,66.4480948209599,23.61129354851,145.81759750134,174.425116197909
105.0603843591,236.100654211009,267.2288141935,203.32954232332,232.489443416,133.7750065667,102.25434590836,162.1944950342,45.2630461264,10000,174.154199809599,182.39313776875,61.4495256684599,174.79886590462,66.6038027467201,47.9890671862,170.5388229467,165.725374378719,59.2005651244,149.54723969145,51.4946906888999,70.31908834014,144.102318295855,136.19461636044,56.4224254527,181.99763392686,38.0154621637601,29.80274634249,161.77410864706,182.035655898909
211.765314515899,319.020283614809,340.7031433641,302.773524393121,269.2643653258,151.5832441801,103.37499590316,53.790393277,163.0957998514,174.154199809599,10000,17.96949361485,133.67055166206,10.79608376758,120.93685245672,143.3449818686,39.3664137759,23.87019705928,144.756507684,54.0115575242101,201.3708313859,130.88782671162,71.8268393668551,73.71266052224,137.2895808815,44.9170784346601,167.73216189336,166.64469781265,42.66436451046,49.7958767667101
216.04866341655,327.929868482359,351.12496206365,308.317752012671,279.532751935349,147.85697351715,102.11467932859,63.65520690895,169.89717775265,182.39313776875,17.96949361485,10000,137.16048039489,22.39353294023,127.76354286037,150.74371265765,39.67463352015,26.03010567183,154.71140983615,65.0190293237599,210.50654109645,138.49494451659,83.3075550246048,83.3166810477902,137.16226947945,30.16983158581,170.38982354429,175.45224444784,51.9094873310099,34.2573645462599
134.40465243244,241.341774607669,302.24780891616,219.95003141398,224.88157530066,105.06832461804,52.61646134858,120.35879001666,60.21157378806,61.4495256684599,133.67055166206,137.16048039489,10000,131.98841433516,21.39028077594,24.9816770464599,129.89874735136,119.83589012946,51.98446939186,115.00970352491,100.48766409456,37.742079237,102.428903710285,95.6010213131001,24.20548224904,133.1781741466,53.8143818570999,60.2671266175499,120.47280812532,133.00366275025
210.968245483879,314.170518850229,335.80494703352,301.08044682454,264.41460056122,149.79821436332,102.25844877098,51.10327009882,160.71002631422,174.79886590462,10.79608376758,22.39353294023,131.98841433516,10000,120.43976023864,143.23508887562,41.4524978868799,21.7870866899,144.88764725338,54.88448361423,200.80626473532,131.50609778484,72.2553362796749,74.2731347318599,134.51630539552,46.5104075052401,165.18512455418,166.881137835469,43.3516986308801,50.7470871170901
138.79589304092,242.081914972789,301.29105084868,220.9603895791,222.71906753578,105.50738160812,44.2345322790599,113.91736160002,70.8256307008199,66.6038027467201,120.93685245672,127.76354286037,21.39028077594,120.43976023864,10000,28.80429744652,117.46764913302,111.85983893874,51.1358452809799,104.41058170817,101.54569781442,22.17389503506,94.205861656925,89.2272457190198,29.99366050212,125.90454893968,60.31840552138,67.31378044887,109.72288016208,125.34322834733
121.5059679867,239.079984811209,292.0004322577,212.76268419352,226.9261153042,102.3288950123,66.66130597684,133.3465817002,62.8224969565999,47.9890671862,143.3449818686,150.74371265765,24.9816770464599,143.23508887562,28.80429744652,10000,138.6841618895,134.80318846892,54.7741194196,122.44571667565,89.0176861684999,34.3026567303401,113.437864702745,107.64785717684,29.8662777429001,147.83391094226,41.5113542727599,55.4311829120901,132.18699491826,147.20230187915
206.9016561214,322.65615631071,348.475105102,302.585369755021,279.7073177337,138.779534714,97.13541295314,79.7757667478999,167.0721461079,170.5388229467,39.3664137759,39.67463352015,129.89874735136,41.4524978868799,117.46764913302,138.6841618895,10000,48.23582995458,149.1280003949,75.50436026211,204.1004381676,127.44762406552,82.8930484743551,86.3787292389401,133.24601389,27.66946392756,163.48755138526,167.34490440939,72.0831408853599,27.72766279505
203.462570699379,310.93733460893,336.746021859419,291.76087729124,264.995416001919,136.41560367182,86.1883699177599,43.98455724472,150.14628531692,165.725374378719,23.87019705928,26.03010567183,119.83589012946,21.7870866899,111.85983893874,134.80318846892,48.23582995458,10000,135.99972799272,45.7874852423302,194.64260306082,122.62812161774,64.8796631667749,60.78576989396,120.70214735502,47.88201010234,153.94588675176,156.08276578087,35.7127189899399,50.3502233449901
151.2107141003,224.452861868409,274.8366865711,206.76090531512,207.9166054814,148.4764933919,80.68409863116,129.970678486,45.8473499347999,59.2005651244,144.756507684,154.71140983615,51.98446939186,144.88764725338,51.1358452809799,54.7741194196,149.1280003949,135.99972799272,10000,115.06248101085,74.2569937897,50.41967455634,107.127388774945,96.8941169542399,61.0994346833,158.56333847266,80.7798048719598,39.92146320825,129.67752387114,160.14841087131
201.94734970211,287.727432162599,310.90209095989,274.82022155031,236.458742487589,153.66010809855,98.39345373161,23.68682434399,136.33639695661,149.54723969145,54.0115575242101,65.0190293237599,115.00970352491,54.88448361423,104.41058170817,122.44571667565,75.50436026211,45.7874852423302,115.06248101085,10000,171.53882086575,107.83254560379,47.4328913647049,34.17326553529,119.24783731971,85.8131128332702,150.19733488741,139.9995748158,20.59505668401,89.0289621631199
138.378367784,224.395669527309,241.7511764194,197.73273210642,236.7313988271,184.0348297756,141.53504138946,187.4795733623,58.1646667794999,51.4946906888999,201.3708313859,210.50654109645,100.48766409456,200.80626473532,101.54569781442,89.0176861684999,204.1004381676,194.64260306082,74.2569937897,171.53882086575,10000,93.1005966506398,159.012787112444,152.72260990154,100.2455441,213.68530626896,85.8906778058599,48.90775485501,186.78229188704,215.04526964081
144.43484618192,243.496549748949,300.819163140839,223.19783304262,220.96130759914,115.55199339152,56.17454179778,123.48474433034,82.9854417629398,70.31908834014,130.88782671162,138.49494451659,37.742079237,131.50609778484,22.17389503506,34.3026567303401,127.44762406552,122.62812161774,50.41967455634,107.83254560379,93.1005966506398,10000,90.3271645784049,85.6488266973801,43.10639376184,137.56452650808,69.0248025091,75.52204024303,119.36985310688,137.43124874605
197.891250908444,284.304597270954,309.273004720246,271.538172335825,231.676509436345,151.607300545244,89.1754068033848,65.6006635397452,128.966920615255,144.102318295855,71.8268393668551,83.3075550246048,102.428903710285,72.2553362796749,94.205861656925,113.437864702745,82.8930484743551,64.8796631667749,107.127388774945,47.4328913647049,159.012787112444,90.3271645784049,10000,27.887270472705,107.533534550845,94.7166389340049,140.905600819815,132.508722315435,61.913044774805,96.9365455693951
195.368697779139,276.01599173777,304.35019748106,261.117153968521,226.29885261904,149.34799134394,83.984587889,52.85611377264,120.12589943264,136.19461636044,73.71266052224,83.3166810477902,95.6010213131001,74.2731347318599,89.2272457190198,107.64785717684,86.3787292389401,60.78576989396,96.8941169542399,34.17326553529,152.72260990154,85.6488266973801,27.887270472705,10000,100.94241069934,97.4910669104999,134.471801805799,121.80447263893,53.5003389994999,99.7915578859501
130.0573739658,248.731665297109,302.0694208916,218.41724304722,231.0946458501,102.0467486826,47.7222918270599,124.8554592203,59.9677266313,56.4224254527,137.2895808815,137.16226947945,24.20548224904,134.51630539552,29.99366050212,29.8662777429001,133.24601389,120.70214735502,61.0994346833,119.24783731971,100.2455441,43.10639376184,107.533534550845,100.94241069934,10000,134.24803047416,42.01185654094,59.30697376779,122.50273417476,133.76006654581
212.84815646576,331.445627269669,361.00543677356,308.60661943998,291.899235859259,138.52777062636,95.3834682094999,84.0026347188602,173.61147257786,181.99763392686,44.9170784346601,30.16983158581,133.1781741466,46.5104075052401,125.90454893968,147.83391094226,27.66946392756,47.88201010234,158.56333847266,85.8131128332702,213.68530626896,137.56452650808,94.7166389340049,97.4910669104999,134.24803047416,10000,167.1434706375,176.73918001835,75.90976470092,9.01845321605
100.21227978566,249.491331672769,289.69847447126,211.54467245908,241.76311196576,102.62950195694,85.4301133997999,155.77637424736,66.4480948209599,38.0154621637601,167.73216189336,170.38982354429,53.8143818570999,165.18512455418,60.31840552138,41.5113542727599,163.48755138526,153.94588675176,80.7798048719598,150.19733488741,85.8906778058599,69.0248025091,140.905600819815,134.471801805799,42.01185654094,167.1434706375,10000,58.01520213345,154.79686510962,166.92598945079
127.95899270879,228.538386489319,262.58032631981,195.13196881163,222.15594728231,148.34049904039,96.7127129922497,150.17331425135,23.61129354851,29.80274634249,166.64469781265,175.45224444784,60.2671266175499,166.881137835469,67.31378044887,55.4311829120901,167.34490440939,156.08276578087,39.92146320825,139.9995748158,48.90775485501,75.52204024303,132.508722315435,121.80447263893,59.30697376779,176.73918001835,58.01520213345,10000,151.50534540389,177.8567887884
206.60762530416,299.04508086335,320.511436972639,283.06249208366,246.161543280339,153.06574047396,100.7299805513,15.22613372374,145.81759750134,161.77410864706,42.66436451046,51.9094873310099,120.47280812532,43.3516986308801,109.72288016208,132.18699491826,72.0831408853599,35.7127189899399,129.67752387114,20.59505668401,186.78229188704,119.36985310688,61.913044774805,53.5003389994999,122.50273417476,75.90976470092,154.79686510962,151.50534540389,10000,78.09587617677
212.57591451465,332.913364027719,363.64109686701,309.913860698031,295.345907966709,135.36282115845,94.7548017511501,87.52514018431,174.425116197909,182.035655898909,49.7958767667101,34.2573645462599,133.00366275025,50.7470871170901,125.34322834733,147.20230187915,27.72766279505,50.3502233449901,160.14841087131,89.0289621631199,215.04526964081,137.43124874605,96.9365455693951,99.7915578859501,133.76006654581,9.01845321605,166.92598945079,177.8567887884,78.09587617677,10000
