10000,30.84730030713,18.1965911782,26.03542229066,30.5434596193,18.5053716298,26.9637276813,34.5996189314,27.1561354955,20.7566988966,33.859261076,34.5587167944,20.73232749588,34.1650991552,25.61091987324,20.4678592914,33.7496231201,34.12266248154,22.3720509607,34.05071557344,21.8304761336,25.12678504578,33.375113609165,33.9874731608,22.5767254368,34.64330481908,18.85518557188,22.47315187128,33.98881078698,34.36673947659
30.84730030713,10000,23.45322800022,12.8103021402,13.27814152316,27.17380159543,17.04998025264,15.53600788992,26.21488691232,19.10311258008,14.2381273212,13.96481333862,15.95750881872,11.80597101677,16.71517042184,18.88988032146,14.6323830728,11.90630029034,15.17177273539,14.42877358136,21.54671653243,15.42198116424,13.4969853843,14.62997706788,18.24478819833,12.76775163906,19.62170222263,19.97046065118,11.36088358354,13.36028183698
18.1965911782,23.45322800022,10000,18.63482883132,24.1205223726,21.4325179968,25.10137870956,29.6540343636,24.4944021403,16.5179325294,28.8695347034,29.2484524673,18.2389239352,28.0648525329,22.14302315575,19.4248829951,28.7931665979,28.53840029144,19.6917940032,29.26015494454,19.1466884475,22.26402205042,27.525564902665,28.88465174154,19.8028071663,29.53252065072,15.97863261288,18.19360518939,27.97178054846,29.70010495647
26.03542229066,12.8103021402,18.63482883132,10000,19.33542988066,23.29027174236,19.21389181904,20.0518884237,25.37469648148,17.88782029914,18.17957283338,18.33822148364,15.20573990754,16.86593759476,17.28026521853,17.2900739595,18.59617065426,18.44580016558,15.96736579778,20.03412206264,19.79307985442,17.05832859396,18.24638908631,20.09614966858,18.0015504819,17.95032285408,16.7541971274,18.78077795314,17.49662444674,18.35032495338
30.5434596193,13.27814152316,24.1205223726,19.33542988066,10000,27.3473761222,18.32179422154,18.5783979013,24.9730858481,20.5658400066,19.2832188069,19.8705561453,18.6786215392,18.47317659784,18.08740223075,20.5408860899,19.1412162637,18.1884674467,16.7411066346,18.09165331757,21.9361737813,16.6367766552,17.303613568765,17.43530146534,19.8973868553,18.57859429816,21.39281853328,21.05706008095,16.98292511704,18.59231972224
18.5053716298,27.17380159543,21.4325179968,23.29027174236,27.3473761222,10000,22.97008314316,31.2408706358,24.5086718286,18.7332384506,29.7639329133,30.35669365845,17.49134507994,30.3676378113,21.29830545716,17.7183412235,29.0303515397,28.21685060686,18.8861626727,28.70315268241,19.7107391712,21.0888178945,28.45654933,27.68706837544,18.7893121937,28.19648136428,16.93271564338,19.72561763684,28.36492075404,28.04004427042
26.9637276813,17.04998025264,25.10137870956,19.21389181904,18.32179422154,22.97008314316,10000,15.87629542906,17.09535889444,14.16442334286,15.7926004817,15.15588432024,13.88389582418,19.00582526436,9.80476702534,14.25194403554,16.21667840796,16.9098285788,13.68769168554,14.48105446974,16.23382673664,10.9365308404,17.19254667447,14.75697265406,10.62982104634,15.09416105254,15.63158650496,12.72997556462,17.09580239838,14.47450991326
34.5996189314,15.53600788992,29.6540343636,20.0518884237,18.5783979013,31.2408706358,15.87629542906,10000,26.1628487019,23.2595279531,7.1921837448,7.16923683914999,20.8493750329,10.18101267744,17.5066838676,22.814074962,10.3215753508,9.01472514733999,19.5012395201,7.36081029667,24.55507987,17.38754870002,10.728730346855,9.31853527874,19.823540591,9.28319453951999,23.7977554096,20.80380241601,9.55016212002,9.64964435124999
27.1561354955,26.21488691232,24.4944021403,25.37469648148,24.9730858481,24.5086718286,17.09535889444,26.1628487019,10000,17.4990528743,27.8014382265,28.0461744697,19.6312630035,31.0268487424,16.80286411271,18.7348967338,27.3434453391,28.7818492861,19.8452806831,25.09278469097,15.6509447009,19.31515197644,27.38294015568,24.65054210666,17.5984032392,27.6338858027,19.04070953568,14.61420795439,28.54521347908,27.2458045975
20.7566988966,19.10311258008,16.5179325294,17.88782029914,20.5658400066,18.7332384506,14.16442334286,23.2595279531,17.4990528743,10000,23.5971686715,23.24734087725,10.8784191672,22.9131297948,13.03723035588,10.7218481897,23.9061953699,21.255056488,11.054253809,21.50245332364,11.1882783474,11.89270172742,21.033773019835,20.76949724098,9.96467306670001,21.40276741962,7.73500973644,8.2984892309,20.34541490936,21.05398111401
33.859261076,14.2381273212,28.8695347034,18.17957283338,19.2832188069,29.7639329133,15.7926004817,7.1921837448,27.8014382265,23.5971686715,10000,5.21096715775,20.5420308944,8.86289638939999,16.7921187351,22.4598385625,7.82205702279998,9.24375368838001,20.1463545796,7.96616374005,25.039445397,17.76614560676,10.27474135318,8.42817461845999,20.2769546432,8.32917067238,23.77597710338,22.67552704252,9.83091680011999,8.52534808428
34.5587167944,13.96481333862,29.2484524673,18.33822148364,19.8705561453,30.35669365845,15.15588432024,7.16923683914999,28.0461744697,23.24734087725,5.21096715775,10000,20.40390518215,8.20583238245,16.651339814,22.1790260168,8.6575303455,7.72059216052999,19.8909472577,8.59057559092,25.3535659052,17.50617245388,10.607468368335,9.66457540830001,18.74653590515,7.27924977095999,23.99629398383,22.40602583001,9.20636579415999,7.06399947736999
20.73232749588,15.95750881872,18.2389239352,15.20573990754,18.6786215392,17.49134507994,13.88389582418,20.8493750329,19.6312630035,10.8784191672,20.5420308944,20.40390518215,10000,19.33521454574,12.70437055892,10.30087200788,20.3756085542,17.4741911712,7.94357718794,19.52645162863,13.9798228317,12.2415150315,18.531359460995,18.91009957336,9.76160183280001,18.3837935171,9.96617672449999,12.51461435515,17.0272375562,18.04467731415
34.1650991552,11.80597101677,28.0648525329,16.86593759476,18.47317659784,30.3676378113,19.00582526436,10.18101267744,31.0268487424,22.9131297948,8.86289638939999,8.20583238245,19.33521454574,10000,19.74496504537,21.762130532,9.9323449978,5.2879679424,18.1700081692,10.61689176545,25.9566102392,18.15130403464,9.356497107765,12.13993167566,20.6375619476,7.56340830448,22.52957522252,24.19470690385,7.26951176668,8.31224302108
25.61091987324,16.71517042184,22.14302315575,17.28026521853,18.08740223075,21.29830545716,9.80476702534,17.5066838676,16.80286411271,13.03723035588,16.7921187351,16.651339814,12.70437055892,19.74496504537,10000,12.06126517794,15.1250343907,16.75905455654,11.6428554997,15.38527836698,14.01672869346,7.73670553933,16.4698621102,14.30407896606,10.22908026193,15.5107624209,13.88282065208,11.94783993423,17.75403085352,14.93528198378
20.4678592914,18.88988032146,19.4248829951,17.2900739595,20.5408860899,17.7183412235,14.25194403554,22.814074962,18.7348967338,10.7218481897,22.4598385625,22.1790260168,10.30087200788,21.762130532,12.06126517794,10000,21.0164542848,19.68363991592,10.8220361884,20.73847392958,12.1678970222,11.2103438996,19.0682321135,19.20289402334,10.3313578421,19.27022671294,10.90532889302,11.88287375346,20.41206656882,19.33634594133
33.7496231201,14.6323830728,28.7931665979,18.59617065426,19.1412162637,29.0303515397,16.21667840796,10.3215753508,27.3434453391,23.9061953699,7.82205702279998,8.6575303455,20.3756085542,9.9323449978,15.1250343907,21.0164542848,10000,9.48285785758,19.2397193701,9.16231223118,24.364868993,16.37669651762,9.473062944735,9.5969413592,19.7158534603,8.21447888384001,24.03757897508,22.7110377082,10.79409707112,8.17804749198001
34.12266248154,11.90630029034,28.53840029144,18.44580016558,18.1884674467,28.21685060686,16.9098285788,9.01472514733999,28.7818492861,21.255056488,9.24375368838001,7.72059216052999,17.4741911712,5.2879679424,16.75905455654,19.68363991592,9.48285785758,10000,16.59923937956,9.04954545043,23.41232227924,15.68562548586,8.57086870228002,10.12400376122,18.15983832704,6.3434038036,21.34759506762,22.08024003434,6.05310676551999,6.77313489183
22.3720509607,15.17177273539,19.6917940032,15.96736579778,16.7411066346,18.8861626727,13.68769168554,19.5012395201,19.8452806831,11.054253809,20.1463545796,19.8909472577,7.94357718794,18.1700081692,11.6428554997,10.8220361884,19.2397193701,16.59923937956,10000,17.4699489048,13.9660123871,10.40472545494,16.988845713355,17.34640941376,10.55090034,17.17188781192,10.86948839028,12.31095174318,15.9392460378,16.93239040404
34.05071557344,14.42877358136,29.26015494454,20.03412206264,18.09165331757,28.70315268241,14.48105446974,7.36081029667,25.09278469097,21.50245332364,7.96616374005,8.59057559092,19.52645162863,10.61689176545,15.38527836698,20.73847392958,9.16231223118,9.04954545043,17.4699489048,10000,21.62777535566,14.761449025,8.881462153725,6.61671144179999,18.06495288468,9.41305392365,23.2939103314,19.68372876019,9.77352428259,9.61146879449
21.8304761336,21.54671653243,19.1466884475,19.79307985442,21.9361737813,19.7107391712,16.23382673664,24.55507987,15.6509447009,11.1882783474,25.039445397,25.3535659052,13.9798228317,25.9566102392,14.01672869346,12.1678970222,24.364868993,23.41232227924,13.9660123871,21.62777535566,10000,13.56932948106,22.271729801625,20.26277335044,13.7659037847,23.8860772472,12.82238085782,11.63731700789,23.33262941638,23.49839404449
25.12678504578,15.42198116424,22.26402205042,17.05832859396,16.6367766552,21.0888178945,10.9365308404,17.38754870002,19.31515197644,11.89270172742,17.76614560676,17.50617245388,12.2415150315,18.15130403464,7.73670553933,11.2103438996,16.37669651762,15.68562548586,10.40472545494,14.761449025,13.56932948106,10000,13.873154289965,13.3534377382,11.00925443744,15.0187758014,13.14298505956,12.95895065094,16.06910642706,14.92610413073
33.375113609165,13.4969853843,27.525564902665,18.24638908631,17.303613568765,28.45654933,17.19254667447,10.728730346855,27.38294015568,21.033773019835,10.27474135318,10.607468368335,18.531359460995,9.356497107765,16.4698621102,19.0682321135,9.473062944735,8.57086870228002,16.988845713355,8.881462153725,22.271729801625,13.873154289965,10000,8.39698168677499,18.3530028121,9.34285918248,21.9213491417,20.933062044085,9.26710143556,9.67755855511999
33.9874731608,14.62997706788,28.88465174154,20.09614966858,17.43530146534,27.68706837544,14.75697265406,9.31853527874,24.65054210666,20.76949724098,8.42817461845999,9.66457540830001,18.91009957336,12.13993167566,14.30407896606,19.20289402334,9.5969413592,10.12400376122,17.34640941376,6.61671144179999,20.26277335044,13.3534377382,8.39698168677499,10000,17.77781046848,10.19404499722,22.35179813224,19.27129431955,11.07019847388,10.37227097423
22.5767254368,18.24478819833,19.8028071663,18.0015504819,19.8973868553,18.7893121937,10.62982104634,19.823540591,17.5984032392,9.96467306670001,20.2769546432,18.74653590515,9.76160183280001,20.6375619476,10.22908026193,10.3313578421,19.7158534603,18.15983832704,10.55090034,18.06495288468,13.7659037847,11.00925443744,18.3530028121,17.77781046848,10000,17.1350123601,9.89492561223999,10.53469456274,18.62282733232,17.1600310165
34.64330481908,12.76775163906,29.53252065072,17.95032285408,18.57859429816,28.19648136428,15.09416105254,9.28319453951999,27.6338858027,21.40276741962,8.32917067238,7.27924977095999,18.3837935171,7.56340830448,15.5107624209,19.27022671294,8.21447888384001,6.3434038036,17.17188781192,9.41305392365,23.8860772472,15.0187758014,9.34285918248,10.19404499722,17.1350123601,10000,21.32823175008,21.42311977835,7.65376541464001,3.88612117372
18.85518557188,19.62170222263,15.97863261288,16.7541971274,21.39281853328,16.93271564338,15.63158650496,23.7977554096,19.04070953568,7.73500973644,23.77597710338,23.99629398383,9.96617672449999,22.52957522252,13.88282065208,10.90532889302,24.03757897508,21.34759506762,10.86948839028,23.2939103314,12.82238085782,13.14298505956,21.9213491417,22.35179813224,9.89492561223999,21.32823175008,10000,11.50139534776,20.84023848698,21.3583877836
22.47315187128,19.97046065118,18.19360518939,18.78077795314,21.05706008095,19.72561763684,12.72997556462,20.80380241601,14.61420795439,8.2984892309,22.67552704252,22.40602583001,12.51461435515,24.19470690385,11.94783993423,11.88287375346,22.7110377082,22.08024003434,12.31095174318,19.68372876019,11.63731700789,12.95895065094,20.933062044085,19.27129431955,10.53469456274,21.42311977835,11.50139534776,10000,21.61766791774,20.79937405578
33.98881078698,11.36088358354,27.97178054846,17.49662444674,16.98292511704,28.36492075404,17.09580239838,9.55016212002,28.54521347908,20.34541490936,9.83091680011999,9.20636579415999,17.0272375562,7.26951176668,17.75403085352,20.41206656882,10.79409707112,6.05310676551999,15.9392460378,9.77352428259,23.33262941638,16.06910642706,9.26710143556,11.07019847388,18.62282733232,7.65376541464001,20.84023848698,21.61766791774,10000,8.44455493526999
34.36673947659,13.36028183698,29.70010495647,18.35032495338,18.59231972224,28.04004427042,14.47450991326,9.64964435124999,27.2458045975,21.05398111401,8.52534808428,7.06399947736999,18.04467731415,8.31224302108,14.93528198378,19.33634594133,8.17804749198001,6.77313489183,16.93239040404,9.61146879449,23.49839404449,14.92610413073,9.67755855511999,10.37227097423,17.1600310165,3.88612117372,21.3583877836,20.79937405578,8.44455493526999,10000
