10000,2.17541339190141,1.16922323564445,1.79900126396465,2.02437145587497,0.830002626557418,1.63358595169821,2.25918012504159,1.54377185054502,1.14163906519181,2.31811120002665,2.25034398129364,1.1878825937084,2.28913586990611,1.4926679047957,1.13465314767202,2.2184559139918,2.13014515547535,1.32410495084889,2.16741420973209,1.17552008953497,1.48404163710153,2.16525065981198,2.09272742925991,1.27164463900568,2.09474701252386,1.00376901709944,1.27512634990887,2.12869636925923,2.07075958961635
2.17541339190141,10000,1.47324643217983,0.763915725535281,0.637170012036584,1.91831881014416,1.58400589633845,1.52608751084253,1.7887767837152,1.60315532751217,1.59131231236664,1.57585440393376,1.51165376983219,1.52756276823127,1.54926442556873,1.60446141084781,1.60222657790879,1.46878322915579,1.43174111209217,1.50060773624788,1.60178100578068,1.51350381453178,1.49568337891724,1.49072459979286,1.58008553408392,1.54131803307448,1.66040756457485,1.59253979500472,1.44800720128619,1.53709395435617
1.16922323564445,1.47324643217983,10000,1.05159172998262,1.41016598326282,1.4036929113991,1.64086233979203,2.14458062918465,1.46378153844944,1.16818770562682,2.23866004886649,2.18654165993647,1.31354681817841,2.23428882186634,1.50877681187356,1.27878176622751,2.19936306579623,2.08152400017986,1.35615916645286,2.0841921184273,1.16600565048787,1.51972114645668,2.11253915615787,2.01789073099983,1.33046828625214,2.08659330548783,1.13845566865458,1.21631576622259,2.06628015262608,2.06159218967168
1.79900126396465,0.763915725535281,1.05159172998262,10000,1.10332930842957,1.7355075735463,1.72843659416275,1.90407008076056,1.82412401146784,1.52225824174518,1.96924411568832,1.93087859284011,1.48577714806806,1.9080999506524,1.62280075971084,1.54919916595117,1.94085102246126,1.81727527764466,1.48663816739349,1.87121498884286,1.54222575353147,1.60372438459664,1.84904634550229,1.82383527703732,1.58061344905164,1.85291678579172,1.52325453885916,1.56573677071581,1.80965205315884,1.83345241059903
2.02437145587497,0.637170012036584,1.41016598326282,1.10332930842957,10000,1.75868272811085,1.24636559667079,1.25314857572728,1.39641063982283,1.34794558901567,1.33048592394183,1.32937153913236,1.32964292465955,1.37171521111672,1.22673070548947,1.33340923310174,1.351732754586,1.27944542107457,1.19827230500893,1.21071733137152,1.29598859258493,1.21977246374783,1.26800263634092,1.18985720520497,1.28284715104817,1.32505020836281,1.44364247816188,1.2731356071257,1.26643868072308,1.31357799118931
0.830002626557418,1.91831881014416,1.4036929113991,1.7355075735463,1.75868272811085,10000,1.26784028218828,1.83392265855086,1.3631716004344,1.00543212035401,1.86798189436418,1.79887029885687,0.883051236529856,1.79666670767655,1.195195550569,0.933035921117588,1.75213306321721,1.64106193041572,1.01513197623512,1.72247686735198,1.0890867124029,1.16865962153721,1.72020710571492,1.68015028167875,1.02106576331123,1.61693560552439,0.88091971625587,1.11252982655243,1.65436032033521,1.60273664057013
1.63358595169821,1.58400589633845,1.64086233979203,1.72843659416275,1.24636559667079,1.26784028218828,10000,0.788313999181141,0.653464166107979,0.680931000646235,0.844615325078837,0.79992795470898,0.770334328856813,0.96482106636781,0.321567180307212,0.634226200825647,0.807501618867567,0.803917392196884,0.614305825229211,0.706760248015596,0.722525087955364,0.432899055579612,0.842964481562621,0.678404565646605,0.469546179195542,0.712248233889432,0.807040712172608,0.559967646805311,0.840449977694344,0.684190412869456
2.25918012504159,1.52608751084253,2.14458062918465,1.90407008076056,1.25314857572728,1.83392265855086,0.788313999181141,10000,1.32154733587595,1.29520660716454,0.213359304109415,0.206420803219743,1.23829602068174,0.44439700625444,0.899112033027777,1.23507074105818,0.388722517531729,0.423272622944686,1.05767738411965,0.25325007192062,1.32780942769163,0.895206160337986,0.439909345665224,0.334635190596689,1.10843273653069,0.374475979695963,1.41833955122832,1.21665281960142,0.458544003063078,0.369296742460064
1.54377185054502,1.7887767837152,1.46378153844944,1.82412401146784,1.39641063982283,1.3631716004344,0.653464166107979,1.32154733587595,10000,0.7827125258496,1.39767376945658,1.37271759099782,1.07063282545071,1.55329849466774,0.685870626145203,0.820113460994238,1.3810447177387,1.3899742164145,0.954358761107903,1.24273421624005,0.703784252271705,0.847806346711745,1.4060444498525,1.21417917850828,0.734672727921404,1.31904039432579,0.924652079925404,0.560544552286436,1.41589078365297,1.28967390727009
1.14163906519181,1.60315532751217,1.16818770562682,1.52225824174518,1.34794558901567,1.00543212035401,0.680931000646235,1.29520660716454,0.7827125258496,10000,1.37473061079943,1.31046791954572,0.477561218631068,1.38950780413269,0.531583244065065,0.348919253545393,1.32368487741905,1.22346250801949,0.454637109868753,1.2226907522425,0.351070759106849,0.520709112623822,1.2529022443607,1.14540018843328,0.334232756269195,1.18507095925227,0.249653698853647,0.299993229612428,1.2167014873124,1.16146599356233
2.31811120002665,1.59131231236664,2.23866004886649,1.96924411568832,1.33048592394183,1.86798189436418,0.844615325078837,0.213359304109415,1.39767376945658,1.37473061079943,10000,0.16829855447602,1.29989940726581,0.397352747865312,0.950914522360521,1.29311305529114,0.258721358404166,0.417771256189744,1.12881964270087,0.263547600633555,1.40250083473429,0.940853949319842,0.389847764143059,0.329873657729095,1.17522468025561,0.335173427153011,1.48844009979963,1.30308198819197,0.484900197278294,0.332970008954674
2.25034398129364,1.57585440393376,2.18654165993647,1.93087859284011,1.32937153913236,1.79887029885687,0.79992795470898,0.206420803219743,1.37271759099782,1.31046791954572,0.16829855447602,10000,1.22667479907232,0.365841077857319,0.901946152382644,1.23644176250596,0.292910372840207,0.356626540008958,1.06543651912421,0.283558685650408,1.35685623211105,0.892893029979514,0.405305077183028,0.346504915657344,1.11196156321548,0.269332075516177,1.41565603155994,1.24785119804399,0.430812371697175,0.255136340005097
1.1878825937084,1.51165376983219,1.31354681817841,1.48577714806806,1.32964292465955,0.883051236529856,0.770334328856813,1.23829602068174,1.07063282545071,0.477561218631068,1.29989940726581,1.22667479907232,10000,1.20806838102101,0.646585946038245,0.42685635506038,1.2107592121206,1.04693403609291,0.285627293328577,1.14022809070077,0.617400283724713,0.530149698501899,1.10376371324161,1.07311628390194,0.501433468543639,1.04824958384893,0.439946876357473,0.644603849687822,1.0303252535672,1.03859551629522
2.28913586990611,1.52756276823127,2.23428882186634,1.9080999506524,1.37171521111672,1.79666670767655,0.96482106636781,0.44439700625444,1.55329849466774,1.38950780413269,0.397352747865312,0.365841077857319,1.20806838102101,10000,1.03876428579865,1.30880114353078,0.405301341352366,0.21385416927132,1.07576654775275,0.424111983564517,1.45316384860767,0.969478848399937,0.341990963788338,0.483839284476803,1.22082201504172,0.306894057076996,1.47380227853428,1.37500074736801,0.278470558388665,0.351983811822219
1.4926679047957,1.54926442556873,1.50877681187356,1.62280075971084,1.22673070548947,1.195195550569,0.321567180307212,0.899112033027777,0.685870626145203,0.531583244065065,0.950914522360521,0.901946152382644,0.646585946038245,1.03876428579865,10000,0.468595615540678,0.88804397164286,0.875692818517434,0.505051933921898,0.806582473560855,0.536959352545802,0.263619746691762,0.88729303987289,0.728552942162223,0.395312241891617,0.802077284532278,0.668179390351411,0.456910143277903,0.91320874667366,0.764944873212318
1.13465314767202,1.60446141084781,1.27878176622751,1.54919916595117,1.33340923310174,0.933035921117588,0.634226200825647,1.23507074105818,0.820113460994238,0.348919253545393,1.29311305529114,1.23644176250596,0.42685635506038,1.30880114353078,0.468595615540678,10000,1.19951693808106,1.14496045326098,0.400292869303079,1.13582024493836,0.368622271748109,0.437367262480628,1.15380054728572,1.04951119393713,0.344252394880754,1.09696704160134,0.387830354606496,0.442437148135293,1.15422110038447,1.07176873795495
2.2184559139918,1.60222657790879,2.19936306579623,1.94085102246126,1.351732754586,1.75213306321721,0.807501618867567,0.388722517531729,1.3810447177387,1.32368487741905,0.258721358404166,0.292910372840207,1.2107592121206,0.405301341352366,0.88804397164286,1.19951693808106,10000,0.399389306546805,1.05632726401141,0.311000793777418,1.33843883766437,0.862420300846923,0.341806394924979,0.320511701517232,1.11424316620499,0.296411032597698,1.41881362716394,1.26916615296238,0.499408603312934,0.293257510779347
2.13014515547535,1.46878322915579,2.08152400017986,1.81727527764466,1.27944542107457,1.64106193041572,0.803917392196884,0.423272622944686,1.3899742164145,1.22346250801949,0.417771256189744,0.356626540008958,1.04693403609291,0.21385416927132,0.875692818517434,1.14496045326098,0.399389306546805,10000,0.913090573275186,0.361681066867589,1.28885966276722,0.813065667299426,0.329679900960983,0.412034936499741,1.05357046861122,0.222555450677349,1.3097317373468,1.2053829562547,0.213109624705579,0.263744997168878
1.32410495084889,1.43174111209217,1.35615916645286,1.48663816739349,1.19827230500893,1.01513197623512,0.614305825229211,1.05767738411965,0.954358761107903,0.454637109868753,1.12881964270087,1.06543651912421,0.285627293328577,1.07576654775275,0.505051933921898,0.400292869303079,1.05632726401141,0.913090573275186,10000,0.952259804244007,0.545574761258443,0.375368598474309,0.946310198827715,0.88880438579869,0.414483250928885,0.905696538733931,0.505297714099891,0.552950785073306,0.895720843941302,0.898486029792147
2.16741420973209,1.50060773624788,2.0841921184273,1.87121498884286,1.21071733137152,1.72247686735198,0.706760248015596,0.25325007192062,1.24273421624005,1.2226907522425,0.263547600633555,0.283558685650408,1.14022809070077,0.424111983564517,0.806582473560855,1.13582024493836,0.311000793777418,0.361681066867589,0.952259804244007,10000,1.22942221578518,0.782748759449288,0.337876632515201,0.222849372828137,1.03322904806423,0.308695422237565,1.34279849874387,1.14896702567557,0.4146209743558,0.324836958437977
1.17552008953497,1.60178100578068,1.16600565048787,1.54222575353147,1.29598859258493,1.0890867124029,0.722525087955364,1.32780942769163,0.703784252271705,0.351070759106849,1.40250083473429,1.35685623211105,0.617400283724713,1.45316384860767,0.536959352545802,0.368622271748109,1.33843883766437,1.28885966276722,0.545574761258443,1.22942221578518,10000,0.535852442481366,1.278414498974,1.14316651878966,0.459366223280584,1.24706004558577,0.470809895878618,0.375842436799527,1.29046457239566,1.22444392376269
1.48404163710153,1.51350381453178,1.51972114645668,1.60372438459664,1.21977246374783,1.16865962153721,0.432899055579612,0.895206160337986,0.847806346711745,0.520709112623822,0.940853949319842,0.892893029979514,0.530149698501899,0.969478848399937,0.263619746691762,0.437367262480628,0.862420300846923,0.813065667299426,0.375368598474309,0.782748759449288,0.535852442481366,10000,0.79563827059796,0.68985466126037,0.417608034658102,0.756752359159234,0.639313638407669,0.536034866922442,0.825978556260341,0.737275639466177
2.16525065981198,1.49568337891724,2.11253915615787,1.84904634550229,1.26800263634092,1.72020710571492,0.842964481562621,0.439909345665224,1.4060444498525,1.2529022443607,0.389847764143059,0.405305077183028,1.10376371324161,0.341990963788338,0.88729303987289,1.15380054728572,0.341806394924979,0.329679900960983,0.946310198827715,0.337876632515201,1.278414498974,0.79563827059796,10000,0.289642768483914,1.08920348347524,0.335584590583141,1.35303082412703,1.23048294858228,0.349323408178043,0.365303350270357
2.09272742925991,1.49072459979286,2.01789073099983,1.82383527703732,1.18985720520497,1.68015028167875,0.678404565646605,0.334635190596689,1.21417917850828,1.14540018843328,0.329873657729095,0.346504915657344,1.07311628390194,0.483839284476803,0.728552942162223,1.04951119393713,0.320511701517232,0.412034936499741,0.88880438579869,0.222849372828137,1.14316651878966,0.68985466126037,0.289642768483914,10000,0.964147805566979,0.351904328021021,1.26575335453809,1.08306544660166,0.458045085865389,0.342923454312608
1.27164463900568,1.58008553408392,1.33046828625214,1.58061344905164,1.28284715104817,1.02106576331123,0.469546179195542,1.10843273653069,0.734672727921404,0.334232756269195,1.17522468025561,1.11196156321548,0.501433468543639,1.22082201504172,0.395312241891617,0.344252394880754,1.11424316620499,1.05357046861122,0.414483250928885,1.03322904806423,0.459366223280584,0.417608034658102,1.08920348347524,0.964147805566979,10000,0.99113853571554,0.392915397049616,0.324566336567225,1.06175466751073,0.9661162970748
2.09474701252386,1.54131803307448,2.08659330548783,1.85291678579172,1.32505020836281,1.61693560552439,0.712248233889432,0.374475979695963,1.31904039432579,1.18507095925227,0.335173427153011,0.269332075516177,1.04824958384893,0.306894057076996,0.802077284532278,1.09696704160134,0.296411032597698,0.222555450677349,0.905696538733931,0.308695422237565,1.24706004558577,0.756752359159234,0.335584590583141,0.351904328021021,0.99113853571554,10000,1.2716733672182,1.15289442216622,0.306712746716922,0.109230380997174
1.00376901709944,1.66040756457485,1.13845566865458,1.52325453885916,1.44364247816188,0.88091971625587,0.807040712172608,1.41833955122832,0.924652079925404,0.249653698853647,1.48844009979963,1.41565603155994,0.439946876357473,1.47380227853428,0.668179390351411,0.387830354606496,1.41881362716394,1.3097317373468,0.505297714099891,1.34279849874387,0.470809895878618,0.639313638407669,1.35303082412703,1.26575335453809,0.392915397049616,1.2716733672182,10000,0.446249278480682,1.3018981303189,1.24933771295549
1.27512634990887,1.59253979500472,1.21631576622259,1.56573677071581,1.2731356071257,1.11252982655243,0.559967646805311,1.21665281960142,0.560544552286436,0.299993229612428,1.30308198819197,1.24785119804399,0.644603849687822,1.37500074736801,0.456910143277903,0.442437148135293,1.26916615296238,1.2053829562547,0.552950785073306,1.14896702567557,0.375842436799527,0.536034866922442,1.23048294858228,1.08306544660166,0.324566336567225,1.15289442216622,0.446249278480682,10000,1.20480078305456,1.12407727325602
2.12869636925923,1.44800720128619,2.06628015262608,1.80965205315884,1.26643868072308,1.65436032033521,0.840449977694344,0.458544003063078,1.41589078365297,1.2167014873124,0.484900197278294,0.430812371697175,1.0303252535672,0.278470558388665,0.91320874667366,1.15422110038447,0.499408603312934,0.213109624705579,0.895720843941302,0.4146209743558,1.29046457239566,0.825978556260341,0.349323408178043,0.458045085865389,1.06175466751073,0.306712746716922,1.3018981303189,1.20480078305456,10000,0.356382145154611
2.07075958961635,1.53709395435617,2.06159218967168,1.83345241059903,1.31357799118931,1.60273664057013,0.684190412869456,0.369296742460064,1.28967390727009,1.16146599356233,0.332970008954674,0.255136340005097,1.03859551629522,0.351983811822219,0.764944873212318,1.07176873795495,0.293257510779347,0.263744997168878,0.898486029792147,0.324836958437977,1.22444392376269,0.737275639466177,0.365303350270357,0.342923454312608,0.9661162970748,0.109230380997174,1.24933771295549,1.12407727325602,0.356382145154611,10000
