10000,4.21763604862566,2.20223859469458,3.48472375303742,3.84416457334831,1.53633908329167,2.96373088181423,4.27403735864865,2.5119562804577,2.08041662881842,4.38934468644639,4.27297717987874,2.24084302253255,4.42266162555177,2.7013129130437,2.06532660403996,4.21426828580562,4.09973720532977,2.50870613331457,4.1056971943492,2.070574750883,2.75721283170577,4.15051715301686,3.94649434848565,2.31748460394522,4.00793399925172,1.84649200386597,2.24479273277135,4.10569402423019,3.95003125695705
4.21763604862566,10000,2.88556895324308,1.47128439129938,1.06757430652269,3.67983362791292,2.9972429432382,2.90536869819918,3.23919188211802,3.13449850586041,3.02320268920192,3.01721421766866,2.95914455238725,2.99207763089678,2.95107534541328,3.12075473872567,3.06111021708202,2.87195603380338,2.80445454140612,2.85895358567111,3.07831306537052,2.92424432912339,2.89905311238812,2.8350302920073,3.0630594098407,2.9951281961438,3.25969611740552,3.06244204600298,2.8433941390133,2.98076389063154
2.20223859469458,2.88556895324308,10000,2.03621186814128,2.70921585285607,2.64879440510224,3.12635535775597,4.15572980327903,2.56312611769743,2.27448550481955,4.33365345468286,4.24636968348707,2.55810496858844,4.37929932688326,2.88031512193514,2.47965415324373,4.26531370585419,4.07688245992934,2.65325391473347,4.03883346924449,2.20493577978494,2.94155630074182,4.12200644349165,3.90193540649882,2.57486334421961,4.07617328483315,2.23328107461416,2.31399265946324,4.05298270979193,4.02386605059598
3.48472375303742,1.47128439129938,2.03621186814128,10000,1.99250437529672,3.32875275996534,3.24013211463423,3.62913881406077,3.23148005967751,2.95225163892512,3.74509823525654,3.69480080051467,2.91697854035893,3.73054585361152,3.04908086648555,2.98424513923964,3.70092962333538,3.54428207317345,2.9023030217756,3.56355015874958,2.90929464629227,3.0685830061641,3.57643546638183,3.46268121394029,3.02773505438164,3.58734707027297,2.97978037980643,2.95946481318937,3.54531393453634,3.54206926683297
3.84416457334831,1.06757430652269,2.70921585285607,1.99250437529672,10000,3.26899402118316,2.41883618660968,2.44221057663632,2.60845461316785,2.61976215657831,2.59251883576571,2.59566210942957,2.4830349569284,2.65358994314513,2.38990138245696,2.58857840149197,2.64019845980512,2.47588026291144,2.27834203471775,2.36340874648156,2.52063929609832,2.36982012549102,2.46064488541164,2.31890359470647,2.5116005684166,2.58823094379423,2.79007034549395,2.49166609297015,2.43656410024631,2.56720689921729
1.53633908329167,3.67983362791292,2.64879440510224,3.32875275996534,3.26899402118316,10000,2.11929108428558,3.35704979379175,2.01309734650242,1.73214369439136,3.42321661262179,3.31022400565409,1.54410845815224,3.40018394954024,1.99180927915521,1.55343075775027,3.21856598181874,3.07962004221784,1.8109292454376,3.14610435314975,1.81430564778861,2.0333471826778,3.20278015723835,3.04239390331988,1.71947455429258,2.99911085514077,1.53100148138758,1.82974010110592,3.1145511997768,2.95462783392784
2.96373088181423,2.9972429432382,3.12635535775597,3.24013211463423,2.41883618660968,2.11929108428558,10000,1.53149586246544,1.15650500017965,1.20896445835247,1.64591875130835,1.54806680024289,1.08999093308182,1.77725449886318,0.566099996664996,1.09094260683284,1.55288954047764,1.45064970223582,0.875917706983435,1.36011473823245,1.31697436996732,0.669272829183094,1.55577720305101,1.27876249244119,0.809198156660004,1.32720789849794,1.38535407902047,1.06122693921149,1.47832774256102,1.28730756973726
4.27403735864865,2.90536869819918,4.15572980327903,3.62913881406077,2.44221057663632,3.35704979379175,1.53149586246544,10000,2.50702104486379,2.49851113701013,0.383109518626594,0.364687424662371,2.22476127476038,0.65290994416532,1.74409113696507,2.36213270174053,0.693725765471557,0.620841183307996,1.93057533706627,0.422700901213244,2.56172898551045,1.69215326644956,0.701003761430378,0.567121408916592,2.14529104598671,0.631484562294398,2.69949152929929,2.380628522329,0.624151362977391,0.654180142775172
2.5119562804577,3.23919188211802,2.56312611769743,3.23148005967751,2.60845461316785,2.01309734650242,1.15650500017965,2.50702104486379,10000,1.08500092772251,2.6675773737418,2.58864841393225,1.41404218380197,2.81669545256759,1.14635233454458,1.20282696052121,2.60352313631255,2.48080288690162,1.32122826773424,2.33600392803629,1.02625829831745,1.33948998584363,2.55985126874007,2.25909896242109,1.0836020375812,2.40625062630652,1.27768132190375,0.799094426544824,2.48851451977201,2.36535184511501
2.08041662881842,3.13449850586041,2.27448550481955,2.95225163892512,2.61976215657831,1.73214369439136,1.20896445835247,2.49851113701013,1.08500092772251,10000,2.65387217341101,2.54092216347447,0.781227272102523,2.72358670650396,0.943434848811249,0.628469926823821,2.56243795434708,2.39742231137834,0.833371897301318,2.36270406111549,0.54917048886959,0.984211525528802,2.44755674471724,2.20395510811102,0.588139998330677,2.31958860766841,0.401871488757391,0.418095077835893,2.37828059106377,2.27110799998137
4.38934468644639,3.02320268920192,4.33365345468286,3.74509823525654,2.59251883576571,3.42321661262179,1.64591875130835,0.383109518626594,2.6675773737418,2.65387217341101,10000,0.278854510223433,2.34808046589142,0.507799274062445,1.85381878426636,2.47843574263863,0.44197642437407,0.593449882900161,2.07568443950323,0.468264224521218,2.71673857041591,1.79150366322986,0.594327137835934,0.586832004634223,2.27878895669505,0.538773040262882,2.83642647700141,2.54910218406112,0.673332701789299,0.570243726347655
4.27297717987874,3.01721421766866,4.24636968348707,3.69480080051467,2.59566210942957,3.31022400565409,1.54806680024289,0.364687424662371,2.58864841393225,2.54092216347447,0.278854510223433,10000,2.23119706432223,0.514162163446705,1.75292008645511,2.37617637419631,0.505929733784346,0.515901086327721,1.97351942929552,0.496327880287768,2.62677996746918,1.70532466353548,0.66748007346767,0.606155542408549,2.16464133072674,0.439068102720695,2.71343227947646,2.44284480860772,0.614566329253239,0.441082122976115
2.24084302253255,2.95914455238725,2.55810496858844,2.91697854035893,2.4830349569284,1.54410845815224,1.08999093308182,2.22476127476038,1.41404218380197,0.781227272102523,2.34808046589142,2.23119706432223,10000,2.32438471960588,0.885280300133547,0.612420222982649,2.20072680599797,1.99463535161921,0.461470725829005,2.04501417256142,0.93176533938192,0.809206840386865,2.07855923465733,1.90170846467753,0.675537302078456,1.9497881354477,0.778412413727708,0.908616009917168,1.98186889214702,1.9124511396608
4.42266162555177,2.99207763089678,4.37929932688326,3.73054585361152,2.65358994314513,3.40018394954024,1.77725449886318,0.65290994416532,2.81669545256759,2.72358670650396,0.507799274062445,0.514162163446705,2.32438471960588,10000,1.96906079165464,2.54551395263586,0.597748828321258,0.395525447020991,2.08664954490349,0.642373738345237,2.81088579143388,1.87074534242742,0.598030646023346,0.782076473270181,2.36931804352486,0.540384611777722,2.88257894699274,2.65349555284344,0.501057640715935,0.619762557359017
2.7013129130437,2.95107534541328,2.88031512193514,3.04908086648555,2.38990138245696,1.99180927915521,0.566099996664996,1.74409113696507,1.14635233454458,0.943434848811249,1.85381878426636,1.75292008645511,0.885280300133547,1.96906079165464,10000,0.805115957582851,1.73440606394374,1.6452225981475,0.717847258500519,1.5750236584599,1.00091565176209,0.399449980303944,1.69827456482647,1.41366194086488,0.684556739701812,1.5395410533825,1.13502257124292,0.854253470760013,1.68470371839549,1.47377266397511
2.06532660403996,3.12075473872567,2.47965415324373,2.98424513923964,2.58857840149197,1.55343075775027,1.09094260683284,2.36213270174053,1.20282696052121,0.628469926823821,2.47843574263863,2.37617637419631,0.612420222982649,2.54551395263586,0.805115957582851,10000,2.31617040716073,2.22194355789315,0.694134360217004,2.18523729722179,0.645350975942749,0.81882638342373,2.24638075612561,2.01086861252028,0.564944319590341,2.13002945239963,0.650686268669537,0.731965692103146,2.23337118378432,2.07687374218059
4.21426828580562,3.06111021708202,4.26531370585419,3.70092962333538,2.64019845980512,3.21856598181874,1.55288954047764,0.693725765471557,2.60352313631255,2.56243795434708,0.44197642437407,0.505929733784346,2.20072680599797,0.597748828321258,1.73440606394374,2.31617040716073,10000,0.604636009882682,1.96168548661219,0.573338102263776,2.60911356067356,1.66208966604971,0.552207105397687,0.583670170306305,2.16353090059842,0.479716104839696,2.71335745248679,2.47539307761796,0.764621115885971,0.490970730917512
4.09973720532977,2.87195603380338,4.07688245992934,3.54428207317345,2.47588026291144,3.07962004221784,1.45064970223582,0.620841183307996,2.48080288690162,2.39742231137834,0.593449882900161,0.515901086327721,1.99463535161921,0.395525447020991,1.6452225981475,2.22194355789315,0.604636009882682,10000,1.75985042799648,0.504199762657202,2.48731400652269,1.56260692177893,0.577164592435223,0.623545896580603,2.04151748158026,0.373812739329434,2.55685674818858,2.31993758241157,0.351224677741781,0.437533264891779
2.50870613331457,2.80445454140612,2.65325391473347,2.9023030217756,2.27834203471775,1.8109292454376,0.875917706983435,1.93057533706627,1.32122826773424,0.833371897301318,2.07568443950323,1.97351942929552,0.461470725829005,2.08664954490349,0.717847258500519,0.694134360217004,1.96168548661219,1.75985042799648,10000,1.74498099118722,0.915599122381987,0.591456523386144,1.81121671855254,1.60889873314123,0.646762789896796,1.72104622828314,0.962417219301827,0.865807992958185,1.73482408649901,1.69304160122944
4.1056971943492,2.85895358567111,4.03883346924449,3.56355015874958,2.36340874648156,3.14610435314975,1.36011473823245,0.422700901213244,2.33600392803629,2.36270406111549,0.468264224521218,0.496327880287768,2.04501417256142,0.642373738345237,1.5750236584599,2.18523729722179,0.573338102263776,0.504199762657202,1.74498099118722,10000,2.39359251142026,1.49987925365012,0.534397367820147,0.383463976255139,2.00266461714363,0.518047378908677,2.55881798652659,2.24509900513176,0.548161558937362,0.569525634638242
2.070574750883,3.07831306537052,2.20493577978494,2.90929464629227,2.52063929609832,1.81430564778861,1.31697436996732,2.56172898551045,1.02625829831745,0.54917048886959,2.71673857041591,2.62677996746918,0.93176533938192,2.81088579143388,1.00091565176209,0.645350975942749,2.60911356067356,2.48731400652269,0.915599122381987,2.39359251142026,10000,1.02856408596917,2.48994341682652,2.22386029964795,0.800524088441284,2.42140596976801,0.719208558807975,0.598723967991934,2.475284353587,2.37587903433069
2.75721283170577,2.92424432912339,2.94155630074182,3.0685830061641,2.36982012549102,2.0333471826778,0.669272829183094,1.69215326644956,1.33948998584363,0.984211525528802,1.79150366322986,1.70532466353548,0.809206840386865,1.87074534242742,0.399449980303944,0.81882638342373,1.66208966604971,1.56260692177893,0.591456523386144,1.49987925365012,1.02856408596917,10000,1.5471693371769,1.31373129660394,0.749698994081479,1.4644716896564,1.17154369780034,0.971647802724653,1.56768563397033,1.42200586479649
4.15051715301686,2.89905311238812,4.12200644349165,3.57643546638183,2.46064488541164,3.20278015723835,1.55577720305101,0.701003761430378,2.55985126874007,2.44755674471724,0.594327137835934,0.66748007346767,2.07855923465733,0.598030646023346,1.69827456482647,2.24638075612561,0.552207105397687,0.577164592435223,1.81121671855254,0.534397367820147,2.48994341682652,1.5471693371769,10000,0.450630052434691,2.11168034956804,0.605957009620095,2.62403277625565,2.37917188609412,0.580590693525482,0.662251500633151
3.94649434848565,2.8350302920073,3.90193540649882,3.46268121394029,2.31890359470647,3.04239390331988,1.27876249244119,0.567121408916592,2.25909896242109,2.20395510811102,0.586832004634223,0.606155542408549,1.90170846467753,0.782076473270181,1.41366194086488,2.01086861252028,0.583670170306305,0.623545896580603,1.60889873314123,0.383463976255139,2.22386029964795,1.31373129660394,0.450630052434691,10000,1.85665369718232,0.590468777009514,2.39805039562708,2.10549101376563,0.663189685303732,0.588720628950262
2.31748460394522,3.0630594098407,2.57486334421961,3.02773505438164,2.5116005684166,1.71947455429258,0.809198156660004,2.14529104598671,1.0836020375812,0.588139998330677,2.27878895669505,2.16464133072674,0.675537302078456,2.36931804352486,0.684556739701812,0.564944319590341,2.16353090059842,2.04151748158026,0.646762789896796,2.00266461714363,0.800524088441284,0.749698994081479,2.11168034956804,1.85665369718232,10000,1.93470914669754,0.659477119917939,0.571050962271462,2.04111291825225,1.88597525448171
4.00793399925172,2.9951281961438,4.07617328483315,3.58734707027297,2.58823094379423,2.99911085514077,1.32720789849794,0.631484562294398,2.40625062630652,2.31958860766841,0.538773040262882,0.439068102720695,1.9497881354477,0.540384611777722,1.5395410533825,2.13002945239963,0.479716104839696,0.373812739329434,1.72104622828314,0.518047378908677,2.42140596976801,1.4644716896564,0.605957009620095,0.590468777009514,1.93470914669754,10000,2.46724836363065,2.24322748412372,0.496719111220892,0.183663405353008
1.84649200386597,3.25969611740552,2.23328107461416,2.97978037980643,2.79007034549395,1.53100148138758,1.38535407902047,2.69949152929929,1.27768132190375,0.401871488757391,2.83642647700141,2.71343227947646,0.778412413727708,2.88257894699274,1.13502257124292,0.650686268669537,2.71335745248679,2.55685674818858,0.962417219301827,2.55881798652659,0.719208558807975,1.17154369780034,2.62403277625565,2.39805039562708,0.659477119917939,2.46724836363065,10000,0.65060810212184,2.54577694575079,2.41642707679074
2.24479273277135,3.06244204600298,2.31399265946324,2.95946481318937,2.49166609297015,1.82974010110592,1.06122693921149,2.380628522329,0.799094426544824,0.418095077835893,2.54910218406112,2.44284480860772,0.908616009917168,2.65349555284344,0.854253470760013,0.731965692103146,2.47539307761796,2.31993758241157,0.865807992958185,2.24509900513176,0.598723967991934,0.971647802724653,2.37917188609412,2.10549101376563,0.571050962271462,2.24322748412372,0.65060810212184,10000,2.30175233872639,2.19312587824637
4.10569402423019,2.8433941390133,4.05298270979193,3.54531393453634,2.43656410024631,3.1145511997768,1.47832774256102,0.624151362977391,2.48851451977201,2.37828059106377,0.673332701789299,0.614566329253239,1.98186889214702,0.501057640715935,1.68470371839549,2.23337118378432,0.764621115885971,0.351224677741781,1.73482408649901,0.548161558937362,2.475284353587,1.56768563397033,0.580590693525482,0.663189685303732,2.04111291825225,0.496719111220892,2.54577694575079,2.30175233872639,10000,0.582847973725857
3.95003125695705,2.98076389063154,4.02386605059598,3.54206926683297,2.56720689921729,2.95462783392784,1.28730756973726,0.654180142775172,2.36535184511501,2.27110799998137,0.570243726347655,0.441082122976115,1.9124511396608,0.619762557359017,1.47377266397511,2.07687374218059,0.490970730917512,0.437533264891779,1.69304160122944,0.569525634638242,2.37587903433069,1.42200586479649,0.662251500633151,0.588720628950262,1.88597525448171,0.183663405353008,2.41642707679074,2.19312587824637,0.582847973725857,10000
