10000,0.1470916854565,0.182662194532771,0.404089398389715,0.426678019167426,0.447365678509284,0.638362647243796,0.636029373490166,0.621435066118831,0.301414174620581,0.313376254366737,0.29813807923508,0.489455957065652,0.493794180735896,0.470255875491777,0.396910459747502,0.388198898281444,0.418557281011913,0.505781604424537,0.496217677024479,0.489410053500456,0.575938059355528,0.572304499369559,0.583108346825519,0.362482672892376,0.351439950774617,0.377112827486744,0.396968638128775,0.402377508554367,0.387624217804465,0.185080896341305,0.191417877921053,0.189807065588914,1.28601200063254,1.29808996256001,1.28321184496192,0.390541658509744,0.385253137791225,0.389029729894716,0.280786909354797,0.285537313416574,0.288177351928902,0.314832250620719,0.310162250049928,0.326247883031364,0.405798984954614,0.452149992811228,0.443725023530727,0.489972367035188,0.506011263243948,0.519415640538299,0.652333922693814,0.635945680941929,0.634303806922354,0.488878351666742,0.476636303051729,0.483230266359625
0.1470916854565,10000,0.0622590804907446,0.421241594050995,0.446545264481494,0.469833660880207,0.607526184037242,0.604751358656221,0.592433376627814,0.280011458992467,0.285959276437179,0.274539524318733,0.439053114776065,0.442027746382823,0.420036213341064,0.396710847432075,0.389010438564927,0.422416489877266,0.535328669166038,0.530375864483045,0.521412474087234,0.548742530059213,0.549593761097775,0.555525104702676,0.34972051352133,0.327516600341793,0.360951290572745,0.381513384878923,0.390945093518134,0.374278368307128,0.0953920032641058,0.0811452826363712,0.0942374626329256,1.24202333223566,1.25142503453835,1.23697255433153,0.41437088864027,0.408323310786281,0.416086068325282,0.309876934758698,0.314732958083634,0.318261879074413,0.326781683346771,0.326361843003171,0.339828888189571,0.384432946713665,0.440930800492333,0.432865650900229,0.51425640254178,0.533720023249112,0.545490253405193,0.616261979140388,0.598883482279059,0.599863297630901,0.466703413751146,0.450877094886236,0.453058289983217
0.182662194532771,0.0622590804907446,10000,0.47730230716925,0.502903657453744,0.526741609167482,0.566798123200364,0.563934129185137,0.553096133607289,0.270818137635056,0.273492059427668,0.267304106051122,0.393117018573177,0.395137594543689,0.374492267457476,0.389299273630832,0.381595204423801,0.412079554471453,0.564403574427204,0.558435188601579,0.546710656573438,0.512410875156049,0.513704056240679,0.517928443708744,0.359168176696015,0.330679508357114,0.371925905403854,0.359274052982277,0.376018100899431,0.360674295154355,0.130942403970531,0.111127379705318,0.134200374847567,1.18526226034134,1.19436161765375,1.18002336175869,0.422933166570691,0.415730321578789,0.425006759144162,0.335890435726385,0.338993718327736,0.345099418701723,0.335719475641445,0.338720428108631,0.348187855731613,0.363142641709518,0.423186212331178,0.41787622012766,0.542302252424963,0.56004195684014,0.570014812948797,0.572501184738001,0.55531549878517,0.556648194719916,0.431933084535162,0.415567885978354,0.413879596671166
0.404089398389715,0.421241594050995,0.47730230716925,10000,0.0305740934593223,0.0601104425161729,0.931622100086435,0.927844434713527,0.91104976454453,0.528804998456712,0.541732606066535,0.516215539520157,0.797241123295032,0.804596404212894,0.777290685575487,0.598594296733512,0.597113748015247,0.629656642976956,0.448016282952401,0.458752511847906,0.47280838944558,0.854786914624273,0.857098608293033,0.86701481362607,0.486602567126865,0.499195472613949,0.478581809535895,0.647230632876577,0.623561630281594,0.606183402374698,0.367061172508002,0.388556751124709,0.365515030394886,1.6349173519888,1.64627939904077,1.63115522121789,0.513653680214956,0.51828113237629,0.517608898979111,0.393447195965899,0.405034945453981,0.389219917955656,0.48098101737053,0.466719536874124,0.490581458574649,0.652568833196926,0.676813064443982,0.65840862738354,0.429322145557842,0.46058463020634,0.474444826004623,0.951853832047992,0.933970743509688,0.934464371383204,0.78364738665862,0.76792247324466,0.784423652855705
0.426678019167426,0.446545264481494,0.502903657453744,0.0305740934593223,10000,0.0375536334571635,0.956739548457735,0.952991316147332,0.935994020290444,0.553403865865068,0.566594893517901,0.541000223955116,0.823073410799347,0.830483773233322,0.802961389172241,0.621623235565839,0.620034743580553,0.652175703998396,0.459481135577953,0.469928899409302,0.485648629492867,0.879490155828151,0.881846154586124,0.891913148028911,0.509147478150907,0.52241795697262,0.501162319972123,0.671834556174744,0.647834244241456,0.630508754448305,0.392124134280084,0.413904155844561,0.390382692109924,1.66045242042142,1.67191226946485,1.65671195355536,0.531767822454877,0.536633490603555,0.535231955425922,0.413940653093311,0.425690361621442,0.409552980854768,0.50323833790538,0.488691106492633,0.512431262057624,0.676801942593844,0.700183797417579,0.681667838494605,0.441209154687341,0.472399010832851,0.486172813314716,0.977328989280049,0.959508069665723,0.959820295842026,0.808285518373702,0.792752586455623,0.809266473203291
0.447365678509284,0.469833660880207,0.526741609167482,0.0601104425161729,0.0375536334571635,10000,0.978641289809335,0.975245721175283,0.957996008333262,0.576526883473233,0.589831006684619,0.564005242907785,0.845957292388028,0.853418189823038,0.826095145576189,0.642697510966113,0.640555179927953,0.674512209270322,0.46879666105285,0.481250638841021,0.497933923440729,0.90217735696375,0.904204532868478,0.914538934679636,0.529486143643072,0.544160377340342,0.520131483000356,0.696670546568458,0.671109953402796,0.653146004588131,0.417150528394875,0.438327909149518,0.412945929783996,1.68522972537527,1.6964175957435,1.68128388103331,0.551867618626737,0.556604192714203,0.554925771511245,0.431601131545498,0.443244228831678,0.42698063943532,0.523694933930165,0.508333528228006,0.532850563562287,0.697933375608814,0.720749960341597,0.70165450785126,0.454241064912221,0.484842467662152,0.500605653937559,0.999674160775672,0.981852685620821,0.982167659529244,0.829493854750504,0.814813110765186,0.832019819491004
0.638362647243796,0.607526184037242,0.566798123200364,0.931622100086435,0.956739548457735,0.978641289809335,10000,0.0184785360308361,0.0304457435627802,0.417697357717141,0.406807963333565,0.428547221524355,0.188253075947417,0.19179694939778,0.204621840094476,0.368406844679509,0.365791633014114,0.35508554126448,0.703608214234311,0.69089915268037,0.661687167234302,0.104557497797166,0.101324297109612,0.087471518302332,0.485195539238546,0.458389442691901,0.500115283487981,0.326090955570186,0.34776017690891,0.354993355983646,0.642614579026743,0.635183857023781,0.653470701691155,0.789931690007408,0.803621105306278,0.789404792300567,0.546921435843863,0.538265225746306,0.550512607785158,0.576350406769956,0.565853768407125,0.582289618521462,0.477529804667533,0.494630439700072,0.474066351527619,0.28734773063796,0.286746405359447,0.307655453252174,0.699407976091258,0.690127555008132,0.691715930472635,0.092580352010904,0.0932290603734546,0.0842430176787471,0.165409376669228,0.175382733322947,0.172849199907856
0.636029373490166,0.604751358656221,0.563934129185137,0.927844434713527,0.952991316147332,0.975245721175283,0.0184785360308361,10000,0.0272263271578109,0.4139405793362,0.402986596238389,0.424785571756197,0.186260207266936,0.190164975686238,0.201886799608508,0.364144900352449,0.362256108597121,0.349374152716028,0.700396881813964,0.687068472944987,0.658155355932174,0.0957858521542231,0.0947169937308838,0.0793379822741821,0.480748794665096,0.453920368093456,0.496218176633949,0.318551003203194,0.341400163014842,0.349499206438515,0.638923709774209,0.631627825601242,0.650476018257933,0.791758686594687,0.805830009246278,0.791475426745756,0.543233156840312,0.534633787606433,0.547035907386315,0.573820511751059,0.563367911327951,0.579674156985279,0.473868504089722,0.49149350983729,0.470372881197983,0.284402620097134,0.283104995258512,0.304532142891005,0.695266084850546,0.686210271403726,0.687035835080953,0.0889600516993081,0.0886228216012234,0.0802747466923265,0.164699807575772,0.172475298769275,0.169326244437696
0.621435066118831,0.592433376627814,0.553096133607289,0.91104976454453,0.935994020290444,0.957996008333262,0.0304457435627802,0.0272263271578109,10000,0.397101827695822,0.386656132408164,0.408114836931764,0.181519829437675,0.186735724016261,0.195642686595801,0.344826712467995,0.342389715645767,0.330473605336607,0.680175983313659,0.666687493575973,0.637660393295534,0.0824565573923691,0.080241497650543,0.0682617902788804,0.46210096614565,0.435734269360489,0.477772602791445,0.303825702411762,0.324861356286351,0.332370689852106,0.626201229081747,0.619621656122513,0.637710300181757,0.81159167292119,0.825817286216299,0.811285677602839,0.524832060255202,0.516189439952686,0.528325393892881,0.554418410451784,0.543864480141462,0.560192123383619,0.454698392391673,0.472056793513174,0.450923957757487,0.265754807360078,0.263503182312074,0.284894199995688,0.675646934941924,0.666309629746641,0.667656541447048,0.103921254315747,0.101216620222549,0.0920236781733145,0.147217149205099,0.156265361615404,0.156368842726786
0.301414174620581,0.280011458992467,0.270818137635056,0.528804998456712,0.553403865865068,0.576526883473233,0.417697357717141,0.4139405793362,0.397101827695822,10000,0.0322320008229799,0.0226349881922508,0.301297537182544,0.311027891147962,0.28228893270629,0.150233269322677,0.141604634691795,0.178893268981303,0.389895157924948,0.379111069086407,0.356258362272967,0.342213261189011,0.343562890042562,0.35247922624774,0.180400473321758,0.146982724595404,0.194351852804194,0.176182000106096,0.164886991500127,0.142238913910286,0.286946414716581,0.29419514520911,0.304782579079241,1.14149845892283,1.15464383690985,1.13915020299485,0.230978740191574,0.22382217201814,0.237274419978966,0.197113993387358,0.190735698652321,0.204790877487832,0.131375040544125,0.142222182369638,0.136794078505759,0.157710296396003,0.195077796837613,0.185312449268008,0.369663035543674,0.37386110567764,0.380658896754087,0.44538548486633,0.428573502206884,0.426142826898535,0.276903357831275,0.260636554688118,0.279570354813489
0.313376254366737,0.285959276437179,0.273492059427668,0.541732606066535,0.566594893517901,0.589831006684619,0.406807963333565,0.402986596238389,0.386656132408164,0.0322320008229799,10000,0.0341734387676718,0.289112304631682,0.29879770811727,0.270613821132065,0.153818087149661,0.145926036398455,0.182008796120453,0.402465366505341,0.391961653620993,0.368944792514108,0.331748824538043,0.3335589668266,0.341621817408894,0.189304108724164,0.154255111909696,0.20116984530523,0.171283323544103,0.160551778585624,0.138364590833656,0.293397479796797,0.299469706386272,0.310991166126066,1.12782263548546,1.14070108433949,1.12525690773113,0.238122778161594,0.230566255504517,0.245024088943703,0.213420366936626,0.206834499016386,0.220916174446397,0.147216638086249,0.158927212417846,0.151674901868508,0.152640721858507,0.191779060419038,0.182991908920432,0.381243875286834,0.385409301912952,0.391354873903867,0.433325729463814,0.416367898627323,0.414367082847703,0.267318699539882,0.250758270925763,0.269349387076044
0.29813807923508,0.274539524318733,0.267304106051122,0.516215539520157,0.541000223955116,0.564005242907785,0.428547221524355,0.424785571756197,0.408114836931764,0.0226349881922508,0.0341734387676718,10000,0.311223361031204,0.320930655990535,0.292539616264016,0.153817100444541,0.146390748271164,0.186042997123867,0.381175258023654,0.372141661238768,0.349631901376307,0.353047048024215,0.354626606021163,0.363356233989451,0.171266958063583,0.138605715785433,0.182501687257281,0.182417170192503,0.166866423846737,0.143392496088153,0.27933816924974,0.28672151700967,0.296433307379485,1.15396820384812,1.16683879541885,1.15144965668835,0.231510325836157,0.225051922511891,0.238949082241775,0.189768486362023,0.183454457124733,0.196830704659346,0.127765471527371,0.137450906723649,0.134297623967929,0.165888574838911,0.202093592289769,0.190886888240591,0.361410964813983,0.366853497735664,0.374111878886713,0.455088168770387,0.438093706920864,0.436283643584047,0.287635044252183,0.271267208343369,0.290848781363371
0.489455957065652,0.439053114776065,0.393117018573177,0.797241123295032,0.823073410799347,0.845957292388028,0.188253075947417,0.186260207266936,0.181519829437675,0.301297537182544,0.289112304631682,0.311223361031204,10000,0.0182664144216728,0.0286776664700352,0.312938744101862,0.306558067470165,0.311742936173648,0.648660368609478,0.636716756262234,0.611432345823506,0.167774616325556,0.170563553125692,0.163274768721713,0.402212742143965,0.366393142287923,0.418777322484143,0.247447102623185,0.281861977090091,0.281089220456477,0.478874400525495,0.467697270555983,0.487833176453193,0.86351811917562,0.874340892771083,0.859906234160386,0.475006045439119,0.464915081220796,0.478269630676621,0.475440418689087,0.467592921235505,0.483509008931156,0.389515569599468,0.406270181858504,0.390962215880872,0.212438539876045,0.254230891146399,0.269901567108721,0.637743740512442,0.636919157421678,0.641047197599963,0.193219160618404,0.178089966595646,0.178139680659374,0.130873503767656,0.122498861996901,0.102668216418343
0.493794180735896,0.442027746382823,0.395137594543689,0.804596404212894,0.830483773233322,0.853418189823038,0.19179694939778,0.190164975686238,0.186735724016261,0.311027891147962,0.29879770811727,0.320930655990535,0.0182664144216728,10000,0.0367976963272018,0.325715673599341,0.318999307360172,0.324668447279035,0.660701411463861,0.648933461393957,0.623758724294877,0.177151191287925,0.179381866270193,0.171103978874374,0.413810387345331,0.377879009745079,0.430310618634857,0.259774809136952,0.294464141869616,0.293774283633633,0.483164938286996,0.471407994473352,0.491759189369339,0.854546230591535,0.865071805029591,0.850716995108963,0.485264396048725,0.475163365508094,0.48844446194254,0.485350265397862,0.477660129328836,0.493584712998883,0.400825417887385,0.417189942342468,0.402439087954523,0.225152973820535,0.267390058926385,0.282871422729912,0.649622471689899,0.649024227479838,0.653306853203632,0.193634780573188,0.178903391751849,0.179098911512415,0.141756054168795,0.134528056337579,0.113588116049348
0.470255875491777,0.420036213341064,0.374492267457476,0.777290685575487,0.802961389172241,0.826095145576189,0.204621840094476,0.201886799608508,0.195642686595801,0.28228893270629,0.270613821132065,0.292539616264016,0.0286776664700352,0.0367976963272018,10000,0.299267736774777,0.292393080875989,0.297118743571251,0.633111711384689,0.61999334324177,0.595232715972754,0.175540728664504,0.179103361165363,0.173281114006197,0.386638468646618,0.349281405799593,0.404473660215469,0.233415866861658,0.269894548993607,0.268049339177007,0.458300315769356,0.447948793112237,0.468361028695459,0.879073369759971,0.890312631124294,0.875640756457329,0.454741689692623,0.444564334764224,0.457632051372474,0.456107115184873,0.448543508505055,0.464541081664673,0.371177987345965,0.388150699069285,0.372829944600548,0.199153166923022,0.244255259245555,0.259410242780577,0.620365765528232,0.620208295363561,0.623933937947651,0.211998974911115,0.196836101730385,0.195931482376856,0.130831839476442,0.118381470529025,0.0965249444979208
0.396910459747502,0.396710847432075,0.389299273630832,0.598594296733512,0.621623235565839,0.642697510966113,0.368406844679509,0.364144900352449,0.344826712467995,0.150233269322677,0.153818087149661,0.153817100444541,0.312938744101862,0.325715673599341,0.299267736774777,10000,0.0280898544880101,0.0610272081113769,0.354415054587149,0.342539454084702,0.312871767984187,0.284174179950216,0.284803450109104,0.298594761331308,0.156776180210443,0.146814562772369,0.173167311207428,0.144365260765375,0.101248196937286,0.0895427493624213,0.403036700267556,0.410269640123363,0.418870586719075,1.13552065744281,1.15066512807288,1.13538531107145,0.248391526863822,0.244789870647966,0.256718759663089,0.235174467921128,0.223343292563941,0.236359691483848,0.126666962967378,0.144634296042895,0.120849559670743,0.111625821422486,0.0936084439065118,0.0815544440670259,0.348243896369414,0.342781728152436,0.347080354509241,0.404629529170983,0.390301540793406,0.386836041039239,0.240138973329588,0.227124132030915,0.259473944232711
0.388198898281444,0.389010438564927,0.381595204423801,0.597113748015247,0.620034743580553,0.640555179927953,0.365791633014114,0.362256108597121,0.342389715645767,0.141604634691795,0.145926036398455,0.146390748271164,0.306558067470165,0.318999307360172,0.292393080875989,0.0280898544880101,10000,0.0724061911556511,0.356413999112355,0.343894419539541,0.314948984354779,0.284178697543828,0.284006069224679,0.297778745545047,0.159051231958395,0.146618411402258,0.175971374405771,0.153353842635251,0.114987895586865,0.0994911281933423,0.397370374947705,0.404611729428514,0.412221029251932,1.13180651776435,1.14661884727059,1.13127502743872,0.242442379821656,0.2375803084607,0.249170785394129,0.226720523546999,0.215150385234144,0.229267742309347,0.122026004373259,0.138129984223953,0.115786097733451,0.102453217879749,0.0915901377684291,0.0772100148340771,0.350885067849544,0.345343914036033,0.351764835797414,0.40305801710793,0.388519381759953,0.384426521017494,0.232844434831931,0.221626669524661,0.253938502410336
0.418557281011913,0.422416489877266,0.412079554471453,0.629656642976956,0.652175703998396,0.674512209270322,0.35508554126448,0.349374152716028,0.330473605336607,0.178893268981303,0.182008796120453,0.186042997123867,0.311742936173648,0.324668447279035,0.297118743571251,0.0610272081113769,0.0724061911556511,10000,0.381969701986936,0.362500281489082,0.333888056918441,0.266184014202837,0.267494301388758,0.282060352589569,0.19292754628887,0.180561710799902,0.216455869031637,0.130219240661143,0.106519257131854,0.108127726464981,0.42867654168571,0.436493985492512,0.448259672245688,1.11242898759692,1.12919973128517,1.11349218193113,0.257272646235772,0.253322943326365,0.263427350553329,0.268638468020143,0.257490655204558,0.270639369412958,0.159885560150163,0.180418826691153,0.151712660965188,0.127818511150662,0.101234614524611,0.102047306485986,0.370733375112342,0.36374042513858,0.362521413501222,0.391970742734272,0.379149020333477,0.374265070102616,0.234865146567969,0.219628545982251,0.247696361181086
0.505781604424537,0.535328669166038,0.564403574427204,0.448016282952401,0.459481135577953,0.46879666105285,0.703608214234311,0.700396881813964,0.680175983313659,0.389895157924948,0.402465366505341,0.381175258023654,0.648660368609478,0.660701411463861,0.633111711384689,0.354415054587149,0.356413999112355,0.381969701986936,10000,0.0732733588611266,0.0678531568037954,0.622367800555776,0.624457710515572,0.637575250268119,0.28741440897068,0.319735983307017,0.27100555850072,0.466884799313321,0.415099717261468,0.40080327420677,0.500901504188386,0.522505211370031,0.510293247932104,1.47291911423443,1.48775587195113,1.4721361232251,0.306022792760557,0.314803420679181,0.314348273679729,0.25258899257013,0.251467914099063,0.240043088243063,0.283051346070853,0.26926069735066,0.2790304829681,0.442737273057336,0.42195120045558,0.400486834522832,0.0871068743571257,0.084805874029559,0.116986343530024,0.737960056314704,0.723490857784172,0.720732073726704,0.579514562454948,0.570510755169324,0.60189760668861
0.496217677024479,0.530375864483045,0.558435188601579,0.458752511847906,0.469928899409302,0.481250638841021,0.69089915268037,0.687068472944987,0.666687493575973,0.379111069086407,0.391961653620993,0.372141661238768,0.636716756262234,0.648933461393957,0.61999334324177,0.342539454084702,0.343894419539541,0.362500281489082,0.0732733588611266,10000,0.0596244153325048,0.607451560007624,0.609800057769654,0.623429192301596,0.279795018619382,0.309941672738459,0.272182623969821,0.449850047951871,0.402582315022304,0.38939495478112,0.496094578290476,0.518776060853089,0.508473451202216,1.45357863318994,1.46937698198073,1.45330794549129,0.284868958686451,0.292957543967465,0.290348207125882,0.245400443273808,0.244467296953732,0.234561070192225,0.270840039169865,0.259458805106072,0.264991560059239,0.430803180608248,0.410032152723488,0.390040061528304,0.0851134594149473,0.0789769709531209,0.100601321274148,0.725194826509691,0.711191055667754,0.707431318509655,0.566202351583651,0.556763357693659,0.586203649979533
0.489410053500456,0.521412474087234,0.546710656573438,0.47280838944558,0.485648629492867,0.497933923440729,0.661687167234302,0.658155355932174,0.637660393295534,0.356258362272967,0.368944792514108,0.349631901376307,0.611432345823506,0.623758724294877,0.595232715972754,0.312871767984187,0.314948984354779,0.333888056918441,0.0678531568037954,0.0596244153325048,10000,0.579017643246153,0.58100515781049,0.594766241850937,0.261008293983894,0.290044265651462,0.252337989633869,0.424379872107289,0.37530722203095,0.36223452943273,0.491009984226802,0.512961800361666,0.504108782332247,1.4267242731102,1.44252757178432,1.42657747996204,0.26332256149194,0.271659597429823,0.269877881222,0.230538243015306,0.227748165534239,0.21955137780445,0.247272042747646,0.236093298851885,0.240556278220104,0.404106111344241,0.381057339832122,0.360999380834406,0.0894967072511714,0.0750175067007179,0.0964476964841151,0.697780527149322,0.683976765527488,0.680092365907229,0.538030819432267,0.528787167248701,0.559063060841485
0.575938059355528,0.548742530059213,0.512410875156049,0.854786914624273,0.879490155828151,0.90217735696375,0.104557497797166,0.0957858521542231,0.0824565573923691,0.342213261189011,0.331748824538043,0.353047048024215,0.167774616325556,0.177151191287925,0.175540728664504,0.284174179950216,0.284178697543828,0.266184014202837,0.622367800555776,0.607451560007624,0.579017643246153,10000,0.0277925047127236,0.0261602830177893,0.404639938848591,0.37990492685619,0.421611150774556,0.237722923116028,0.258917572547774,0.268959042749177,0.578019712576247,0.573130437383119,0.591503240488557,0.867740538659901,0.882908113157321,0.867948581721048,0.472865897078982,0.464546469804107,0.47713611663336,0.499878292043682,0.489380971886708,0.504924748169387,0.396273032392156,0.415259541277652,0.392077846069644,0.212006824354791,0.206733029971988,0.229747589886746,0.616040432493836,0.607397768074515,0.607047144689153,0.139010290197162,0.130536200797559,0.124213436502798,0.117768239643209,0.116865493914235,0.127007628803054
0.572304499369559,0.549593761097775,0.513704056240679,0.857098608293033,0.881846154586124,0.904204532868478,0.101324297109612,0.0947169937308838,0.080241497650543,0.343562890042562,0.3335589668266,0.354626606021163,0.170563553125692,0.179381866270193,0.179103361165363,0.284803450109104,0.284006069224679,0.267494301388758,0.624457710515572,0.609800057769654,0.58100515781049,0.0277925047127236,10000,0.0274376841948622,0.408313078458099,0.384823302299367,0.425222094194347,0.240439784027624,0.26071976304327,0.270662286074196,0.581216034573094,0.576295952902649,0.594262570097091,0.8671852502433,0.882429941576056,0.867606940067763,0.47419963190958,0.465812221204427,0.478126197275413,0.499584244396982,0.488843329236676,0.504691844841633,0.397148546087782,0.415406014622888,0.392967382703229,0.213751754677026,0.208361645687998,0.231161707247358,0.619537877341703,0.610233045563239,0.610765733131939,0.13951996673969,0.131825079070382,0.123862716842291,0.110812211809305,0.114222225381681,0.127553510810178
0.583108346825519,0.555525104702676,0.517928443708744,0.86701481362607,0.891913148028911,0.914538934679636,0.087471518302332,0.0793379822741821,0.0682617902788804,0.35247922624774,0.341621817408894,0.363356233989451,0.163274768721713,0.171103978874374,0.173281114006197,0.298594761331308,0.297778745545047,0.282060352589569,0.637575250268119,0.623429192301596,0.594766241850937,0.0261602830177893,0.0274376841948622,10000,0.419915257721729,0.394653349390132,0.436162230746701,0.252195763167405,0.273652261061141,0.283283592598271,0.586362229844504,0.580834004400015,0.599344853251848,0.851723578605746,0.866562298347471,0.851795874404095,0.484251193734893,0.475959335199319,0.488574476734844,0.512014549087783,0.50145453302539,0.517287854167419,0.409840966035229,0.428226705263375,0.405929502374425,0.223831819589585,0.220424345409193,0.242993612783207,0.63146814581722,0.622829039764724,0.622929047955979,0.124005098558294,0.115896024916852,0.108307511419933,0.119883048220386,0.121681487436115,0.129737132798575
0.362482672892376,0.34972051352133,0.359168176696015,0.486602567126865,0.509147478150907,0.529486143643072,0.485195539238546,0.480748794665096,0.46210096614565,0.180400473321758,0.189304108724164,0.171266958063583,0.402212742143965,0.413810387345331,0.386638468646618,0.156776180210443,0.159051231958395,0.19292754628887,0.28741440897068,0.279795018619382,0.261008293983894,0.404639938848591,0.408313078458099,0.419915257721729,10000,0.0576004603667569,0.0482133312407588,0.231157242314703,0.18816743491949,0.169209709144555,0.343896266078601,0.3532731175861,0.355455861435741,1.24685702632781,1.2601109895118,1.24484900627305,0.272158971000294,0.270667932333172,0.280490351185412,0.184614336182158,0.178102360199206,0.182069131394353,0.121873926189954,0.126585397650724,0.12313696602427,0.218459171798233,0.22482364385407,0.207138969891699,0.282999230019707,0.289331623377224,0.299669076615864,0.512617895564036,0.496819140377485,0.496367698753118,0.352367244223391,0.338067112982402,0.365987144041925
0.351439950774617,0.327516600341793,0.330679508357114,0.499195472613949,0.52241795697262,0.544160377340342,0.458389442691901,0.453920368093456,0.435734269360489,0.146982724595404,0.154255111909696,0.138605715785433,0.366393142287923,0.377879009745079,0.349281405799593,0.146814562772369,0.146618411402258,0.180561710799902,0.319735983307017,0.309941672738459,0.290044265651462,0.37990492685619,0.384823302299367,0.394653349390132,0.0576004603667569,10000,0.082414460648992,0.206940721813982,0.174175165339456,0.151705648375411,0.321767197782416,0.330360372741307,0.335506224625651,1.21050960932791,1.22352449164209,1.20813609629594,0.258155714572438,0.255045366480163,0.266072469889613,0.18917414487123,0.18345750424674,0.190566827745729,0.117342622657894,0.126758330415803,0.119613153374034,0.190045756495349,0.206321639351068,0.190181992400597,0.306947207371533,0.314594529709426,0.321921560923186,0.486564239496025,0.47046187023954,0.469780159848041,0.324329249279329,0.308064993945998,0.331790126992647
0.377112827486744,0.360951290572745,0.371925905403854,0.478581809535895,0.501162319972123,0.520131483000356,0.500115283487981,0.496218176633949,0.477772602791445,0.194351852804194,0.20116984530523,0.182501687257281,0.418777322484143,0.430310618634857,0.404473660215469,0.173167311207428,0.175971374405771,0.216455869031637,0.27100555850072,0.272182623969821,0.252337989633869,0.421611150774556,0.425222094194347,0.436162230746701,0.0482133312407588,0.082414460648992,10000,0.255085622345777,0.20586036758134,0.185638780066145,0.35047423199529,0.359871309003059,0.359297751174294,1.26537954237338,1.27793497070921,1.26298456916273,0.279213732547276,0.278676412213029,0.289745560963359,0.186882394661805,0.18039322593212,0.182415903685143,0.136327210131652,0.137041957361947,0.139280272939329,0.234370999709866,0.237689745524484,0.217849726690729,0.270143776238828,0.277235939295475,0.290480739355422,0.527470373857698,0.511256438982707,0.511735085665501,0.369858096406511,0.356677089048985,0.38660514919541
0.396968638128775,0.381513384878923,0.359274052982277,0.647230632876577,0.671834556174744,0.696670546568458,0.326090955570186,0.318551003203194,0.303825702411762,0.176182000106096,0.171283323544103,0.182417170192503,0.247447102623185,0.259774809136952,0.233415866861658,0.144365260765375,0.153353842635251,0.130219240661143,0.466884799313321,0.449850047951871,0.424379872107289,0.237722923116028,0.240439784027624,0.252195763167405,0.231157242314703,0.206940721813982,0.255085622345777,10000,0.069941895055487,0.0842083418728786,0.400483459255462,0.401502715721121,0.420220651289669,1.05670272245324,1.07248507529556,1.05707982844905,0.329826548696006,0.323771180908216,0.336621781268685,0.322924022479599,0.313698172331749,0.326268040785842,0.221410057136483,0.242595894780065,0.220297114857947,0.139649559432317,0.154432409063955,0.16348131979261,0.453591170050918,0.452763270181091,0.450337618197185,0.344856684446785,0.330870857769239,0.329222159424304,0.203844153816383,0.181489092514862,0.199284850327957
0.402377508554367,0.390945093518134,0.376018100899431,0.623561630281594,0.647834244241456,0.671109953402796,0.34776017690891,0.341400163014842,0.324861356286351,0.164886991500127,0.160551778585624,0.166866423846737,0.281861977090091,0.294464141869616,0.269894548993607,0.101248196937286,0.114987895586865,0.106519257131854,0.415099717261468,0.402582315022304,0.37530722203095,0.258917572547774,0.26071976304327,0.273652261061141,0.18816743491949,0.174175165339456,0.20586036758134,0.069941895055487,10000,0.0353612819894701,0.40475224241009,0.407762435865418,0.421841333462918,1.10013618550227,1.11534840269798,1.10017754573002,0.30749130843313,0.303036888497015,0.316501314687525,0.291276107997689,0.280533007092405,0.292286428416863,0.187603191055937,0.207141760645285,0.185624449015201,0.130237664950506,0.129337324893934,0.130848490754041,0.406974787782643,0.404619991907104,0.404636508772009,0.369854161836876,0.355364399896776,0.354304443521587,0.223347370218113,0.205504707068371,0.234270661363889
0.387624217804465,0.374278368307128,0.360674295154355,0.606183402374698,0.630508754448305,0.653146004588131,0.354993355983646,0.349499206438515,0.332370689852106,0.142238913910286,0.138364590833656,0.143392496088153,0.281089220456477,0.293774283633633,0.268049339177007,0.0895427493624213,0.0994911281933423,0.108127726464981,0.40080327420677,0.38939495478112,0.36223452943273,0.268959042749177,0.270662286074196,0.283283592598271,0.169209709144555,0.151705648375411,0.185638780066145,0.0842083418728786,0.0353612819894701,10000,0.387361738512014,0.39083427827967,0.403354017221125,1.10975404358093,1.124291539533,1.10917462071175,0.292225275320603,0.287165793925936,0.30087155788887,0.269336540417024,0.258795379514875,0.270914011774994,0.167646209097752,0.186412874138934,0.166592010370904,0.117875521679617,0.124168348469396,0.121021964045101,0.392944982383032,0.391220485384701,0.393465628302381,0.378998189953371,0.363973630193953,0.362758077159877,0.223764427647906,0.207071692077587,0.23612827129465
0.185080896341305,0.0953920032641058,0.130942403970531,0.367061172508002,0.392124134280084,0.417150528394875,0.642614579026743,0.638923709774209,0.626201229081747,0.286946414716581,0.293397479796797,0.27933816924974,0.478874400525495,0.483164938286996,0.458300315769356,0.403036700267556,0.397370374947705,0.42867654168571,0.500901504188386,0.496094578290476,0.491009984226802,0.578019712576247,0.581216034573094,0.586362229844504,0.343896266078601,0.321767197782416,0.35047423199529,0.400483459255462,0.40475224241009,0.387361738512014,10000,0.035191919523612,0.044077582822972,1.28591533204321,1.29586274696104,1.2811021892709,0.386718650477498,0.382431799799528,0.390224404095578,0.290319726038195,0.297232583371231,0.2975962433837,0.318279975894357,0.317506899117516,0.331803330743113,0.40221886384452,0.452790895529115,0.442807287719684,0.470284045438802,0.493478883503273,0.502733605671522,0.654131806543796,0.636176094583351,0.637430499257922,0.50164903474002,0.483440199020774,0.487061310257474
0.191417877921053,0.0811452826363712,0.111127379705318,0.388556751124709,0.413904155844561,0.438327909149518,0.635183857023781,0.631627825601242,0.619621656122513,0.29419514520911,0.299469706386272,0.28672151700967,0.467697270555983,0.471407994473352,0.447948793112237,0.410269640123363,0.404611729428514,0.436493985492512,0.522505211370031,0.518776060853089,0.512961800361666,0.573130437383119,0.576295952902649,0.580834004400015,0.3532731175861,0.330360372741307,0.359871309003059,0.401502715721121,0.407762435865418,0.39083427827967,0.035191919523612,10000,0.039889866630702,1.27141997167997,1.28074918847459,1.26625592180306,0.409733761433254,0.404935904647536,0.413469476305531,0.311184138256622,0.3172223843262,0.318416626428577,0.332460833300873,0.332667669348017,0.3462952611905,0.40281797768219,0.455922542186194,0.446754652615521,0.494350036301333,0.517183860850086,0.526964843869357,0.644255229032759,0.626339938781189,0.62821160617433,0.496731527482846,0.478571357172195,0.481203338780863
0.189807065588914,0.0942374626329256,0.134200374847567,0.365515030394886,0.390382692109924,0.412945929783996,0.653470701691155,0.650476018257933,0.637710300181757,0.304782579079241,0.310991166126066,0.296433307379485,0.487833176453193,0.491759189369339,0.468361028695459,0.418870586719075,0.412221029251932,0.448259672245688,0.510293247932104,0.508473451202216,0.504108782332247,0.591503240488557,0.594262570097091,0.599344853251848,0.355455861435741,0.335506224625651,0.359297751174294,0.420220651289669,0.421841333462918,0.403354017221125,0.044077582822972,0.039889866630702,10000,1.29697319910131,1.3059421839585,1.29148456245372,0.410620161156467,0.406059564015343,0.414039819977681,0.302397059561419,0.309312336032546,0.309258005031209,0.334228434983457,0.332063433951613,0.348253843563856,0.414335387007272,0.466288542579682,0.455495598027434,0.484249806024102,0.507792194764587,0.519985219974205,0.663794172658989,0.645708813715514,0.647425863881848,0.512056053359872,0.495354925120772,0.49986592380544
1.28601200063254,1.24202333223566,1.18526226034134,1.6349173519888,1.66045242042142,1.68522972537527,0.789931690007408,0.791758686594687,0.81159167292119,1.14149845892283,1.12782263548546,1.15396820384812,0.86351811917562,0.854546230591535,0.879073369759971,1.13552065744281,1.13180651776435,1.11242898759692,1.47291911423443,1.45357863318994,1.4267242731102,0.867740538659901,0.8671852502433,0.851723578605746,1.24685702632781,1.21050960932791,1.26537954237338,1.05670272245324,1.10013618550227,1.10975404358093,1.28591533204321,1.27141997167997,1.29697319910131,10000,0.0415588496486287,0.0327475950305057,1.25184410773372,1.24119060633067,1.25129616760788,1.31460225437898,1.30624197766449,1.32403400236054,1.22792442790054,1.24589612262521,1.22606967232347,1.04732489787086,1.06024316187062,1.08203252603891,1.4551697276186,1.44744823245414,1.44316410174203,0.763822709844322,0.777460529267179,0.775986743338468,0.913095411663544,0.920323739000547,0.890841665928708
1.29808996256001,1.25142503453835,1.19436161765375,1.64627939904077,1.67191226946485,1.6964175957435,0.803621105306278,0.805830009246278,0.825817286216299,1.15464383690985,1.14070108433949,1.16683879541885,0.874340892771083,0.865071805029591,0.890312631124294,1.15066512807288,1.14661884727059,1.12919973128517,1.48775587195113,1.46937698198073,1.44252757178432,0.882908113157321,0.882429941576056,0.866562298347471,1.2601109895118,1.22352449164209,1.27793497070921,1.07248507529556,1.11534840269798,1.124291539533,1.29586274696104,1.28074918847459,1.3059421839585,0.0415588496486287,10000,0.0242445640458454,1.26797177802567,1.25722954038575,1.26758023091904,1.32818016746861,1.31993931434907,1.33770487050595,1.24241953706467,1.26007231299167,1.24080846555577,1.06071777577274,1.07485431011942,1.09622194379587,1.47060404340373,1.46325876486765,1.45969242698289,0.776538547876651,0.789919482926485,0.788871195941786,0.926457077865003,0.934034988106812,0.904664966987671
1.28321184496192,1.23697255433153,1.18002336175869,1.63115522121789,1.65671195355536,1.68128388103331,0.789404792300567,0.791475426745756,0.811285677602839,1.13915020299485,1.12525690773113,1.15144965668835,0.859906234160386,0.850716995108963,0.875640756457329,1.13538531107145,1.13127502743872,1.11349218193113,1.4721361232251,1.45330794549129,1.42657747996204,0.867948581721048,0.867606940067763,0.851795874404095,1.24484900627305,1.20813609629594,1.26298456916273,1.05707982844905,1.10017754573002,1.10917462071175,1.2811021892709,1.26625592180306,1.29148456245372,0.0327475950305057,0.0242445640458454,10000,1.25146270810199,1.24063989897831,1.25090037826333,1.31259253673858,1.30439383931703,1.32216258517536,1.2268642920812,1.2445949638375,1.22514235530798,1.04563425774955,1.05976559386351,1.08119101702813,1.45453654666891,1.4471674843041,1.4434144030295,0.762695252589674,0.775995334559975,0.774771810099173,0.911541236531662,0.91902002700677,0.889428157924327
0.390541658509744,0.41437088864027,0.422933166570691,0.513653680214956,0.531767822454877,0.551867618626737,0.546921435843863,0.543233156840312,0.524832060255202,0.230978740191574,0.238122778161594,0.231510325836157,0.475006045439119,0.485264396048725,0.454741689692623,0.248391526863822,0.242442379821656,0.257272646235772,0.306022792760557,0.284868958686451,0.26332256149194,0.472865897078982,0.47419963190958,0.484251193734893,0.272158971000294,0.258155714572438,0.279213732547276,0.329826548696006,0.30749130843313,0.292225275320603,0.386718650477498,0.409733761433254,0.410620161156467,1.25184410773372,1.26797177802567,1.25146270810199,10000,0.0234018668336168,0.027539750156297,0.187119258175815,0.182394692346762,0.191982562727581,0.185865967860674,0.184467014432191,0.181115212646815,0.304574621404082,0.301851117892412,0.289058316168543,0.261661300416179,0.259413601137665,0.257755851464081,0.586844431847551,0.572151413433275,0.565926006117191,0.417300189094949,0.405165385138532,0.42351040671169
0.385253137791225,0.408323310786281,0.415730321578789,0.51828113237629,0.536633490603555,0.556604192714203,0.538265225746306,0.534633787606433,0.516189439952686,0.22382217201814,0.230566255504517,0.225051922511891,0.464915081220796,0.475163365508094,0.444564334764224,0.244789870647966,0.2375803084607,0.253322943326365,0.314803420679181,0.292957543967465,0.271659597429823,0.464546469804107,0.465812221204427,0.475959335199319,0.270667932333172,0.255045366480163,0.278676412213029,0.323771180908216,0.303036888497015,0.287165793925936,0.382431799799528,0.404935904647536,0.406059564015343,1.24119060633067,1.25722954038575,1.24063989897831,0.0234018668336168,10000,0.0253514956188303,0.187033776699193,0.182619119186012,0.193076252986641,0.18348587880936,0.183146534198855,0.178703447471805,0.296731515102217,0.296009466252796,0.283510665040924,0.271276332407852,0.268755047659978,0.268110006533874,0.577847523023928,0.563074541536834,0.55682627626654,0.40736489135748,0.395592624312784,0.413574051891146
0.389029729894716,0.416086068325282,0.425006759144162,0.517608898979111,0.535231955425922,0.554925771511245,0.550512607785158,0.547035907386315,0.528325393892881,0.237274419978966,0.245024088943703,0.238949082241775,0.478269630676621,0.48844446194254,0.457632051372474,0.256718759663089,0.249170785394129,0.263427350553329,0.314348273679729,0.290348207125882,0.269877881222,0.47713611663336,0.478126197275413,0.488574476734844,0.280490351185412,0.266072469889613,0.289745560963359,0.336621781268685,0.316501314687525,0.30087155788887,0.390224404095578,0.413469476305531,0.414039819977681,1.25129616760788,1.26758023091904,1.25090037826333,0.027539750156297,0.0253514956188303,10000,0.190182406926309,0.186019215039612,0.196177427076588,0.193187666747852,0.191537174389311,0.187933953838251,0.310024307931168,0.308897806476519,0.296569945505936,0.270442928876211,0.267505881045155,0.266754934734544,0.591106940436349,0.576744084159858,0.569897170449477,0.419577273150691,0.408155936479795,0.425616020986915
