10000,0.131405960784171,0.161930626197917,0.375555645379135,0.39521199022882,0.415039426262774,0.596092553175364,0.594677176988919,0.58026627603187,0.286562940712797,0.298723042209767,0.283128774995266,0.45084529883603,0.454273053925649,0.434309113962121,0.373534847727573,0.365620462607683,0.394720454189995,0.46192328222288,0.448708792825451,0.444509604537003,0.541341005887825,0.53862435000245,0.549288360668487,0.332963023488371,0.321600750885368,0.349588105252335,0.371605952652473,0.379039252918494,0.363327857095201,0.174771424353648,0.179391497526975,0.177911067022442,1.21603511410129,1.22411347834082,1.21170603431112,0.34297778169403,0.339294118976633,0.340692437334226,0.25457219488892,0.259634576113496,0.261393735106483,0.29395989597698,0.289610686956395,0.304070501938455,0.381258458106568,0.427105798926157,0.418592868035325,0.441470889423655,0.456663599164673,0.467054381640842,0.610647692609049,0.595846612931103,0.595274490030652,0.456438984034953,0.446041281090871,0.449811566701695
0.131405960784171,10000,0.0565409103694374,0.376612761409354,0.39890847158251,0.42159467460192,0.574407093450227,0.572226590235962,0.55969437361598,0.264871905248348,0.270298356715039,0.258268253259389,0.41264527334184,0.41542137548234,0.395903385342867,0.371043739100875,0.364489703461864,0.39587458634563,0.476772251679361,0.467666713730815,0.462031757454127,0.521073601599652,0.522806614704787,0.529189706429091,0.315550391273406,0.293943893942893,0.328778795928137,0.357654697162959,0.367463689119393,0.349704612285859,0.0838722194356945,0.0745549397909902,0.0862078905126502,1.18439488985453,1.19027772098109,1.17812215258048,0.348598408478876,0.344229826760877,0.349583193548121,0.271096824907454,0.276735924242463,0.278883643525888,0.298074957640743,0.297718084513085,0.309672674647579,0.363291434918343,0.416810984436355,0.408140828492336,0.448562470249745,0.467569472152176,0.475577957793282,0.584309231504171,0.568452154289057,0.570175925515103,0.441210102212798,0.426863275783233,0.426996515610148
0.161930626197917,0.0565409103694374,10000,0.428063974974383,0.450664324459215,0.473979365739529,0.535800907502108,0.533404690773886,0.522078406128605,0.251701774398078,0.253410988996861,0.246672055271327,0.369689758174258,0.371689999065221,0.352997594382879,0.360153574214544,0.35362002052029,0.381816218944952,0.500386378629146,0.48989349969781,0.481477414020792,0.485810239102191,0.488085755371523,0.493028934478369,0.321292373845441,0.293257419691515,0.336351473757267,0.333578672920513,0.350118824392285,0.333458940648149,0.11354130829945,0.100129158873338,0.122178534921214,1.13157619997824,1.13723912063177,1.12515962523047,0.346497442771515,0.340935797278165,0.347905792461586,0.290819936647031,0.294667462110027,0.299604479458622,0.301402331219772,0.304525543663514,0.312349159598161,0.340773708474939,0.39720983083908,0.39098538220829,0.470157831952448,0.487352411962478,0.493091726549008,0.54327325971119,0.52754486843909,0.529550684172324,0.407085230409447,0.391951602150951,0.388347226218649
0.375555645379135,0.376612761409354,0.428063974974383,10000,0.0258984342221561,0.0545651303894594,0.866770758663529,0.864075423133578,0.848147540718777,0.498121035173891,0.512827978467799,0.486601546294123,0.732843620392816,0.739154362267338,0.716275364710482,0.564088282815584,0.563399246358874,0.596248367070262,0.423240560426832,0.432244645716725,0.447511923419929,0.798322482800725,0.801379709936685,0.810746710168083,0.449728270351555,0.461724058482003,0.443160955068558,0.60464104346972,0.584887065587526,0.567306045479408,0.333347801428993,0.348003243913588,0.325007238458039,1.53970434815465,1.54696301648058,1.53447481061701,0.499019739170128,0.503745972363136,0.502926248913283,0.376021845759139,0.386931715312427,0.371240813627997,0.455341786109524,0.442386750764589,0.465238418467728,0.609361273733601,0.636690952598027,0.619261606348553,0.407959621002699,0.437915066852271,0.451249672581054,0.884991065450493,0.868839401265866,0.870609779857793,0.731725126005132,0.717663361221462,0.73156852097322
0.39521199022882,0.39890847158251,0.450664324459215,0.0258984342221561,10000,0.0337057607788445,0.889477106042712,0.886807879946803,0.870736076523577,0.520321769488329,0.535354747369623,0.509040368722142,0.756011054737257,0.762353014856179,0.739276812934989,0.585162488914616,0.584332440168759,0.616886902286414,0.435250055084283,0.444098631929209,0.460745972258519,0.820708285683776,0.823765948276924,0.833249069814277,0.470717562300975,0.483341138936278,0.46423196846684,0.627122795081774,0.607179484610127,0.589634060174707,0.35549842521886,0.37035452911838,0.346984017726951,1.56259298876021,1.56993073789934,1.55738251815201,0.517263527334565,0.522125750791909,0.520700607521663,0.394966442438233,0.405971489605858,0.390082402085766,0.475673421118638,0.462418668845046,0.485303784280003,0.631288488401775,0.657998851525734,0.640462633230439,0.420856529070758,0.450718928884613,0.464220209275054,0.907968333335047,0.891877430376246,0.893474305826575,0.75408955282687,0.740180183415773,0.754107019064245
0.415039426262774,0.42159467460192,0.473979365739529,0.0545651303894594,0.0337057607788445,10000,0.911078775610474,0.90873406073464,0.892418074861047,0.542885991492675,0.558006644990759,0.531531838272012,0.778596342208101,0.784904545519128,0.762121412623554,0.606054039106806,0.604666015297178,0.639062559243024,0.445574623681211,0.456507686835495,0.473934351831115,0.843081280445385,0.845783085853297,0.855479467056661,0.491084490748332,0.505099481281931,0.483242180516157,0.651722156545874,0.630102586533426,0.61213458114475,0.380010316512517,0.394461083292651,0.369269632307974,1.58664483193603,1.59373113025705,1.5812277567007,0.537583141235731,0.542422267286711,0.540748449588458,0.412673472665302,0.423633795864241,0.407583574503109,0.496072865075137,0.481899489859963,0.505613235355272,0.652234740244826,0.678428683734976,0.660354664085586,0.434854564478901,0.464156143777382,0.479599544780264,0.929927010106983,0.913772959048815,0.915344758987599,0.77505409083928,0.761980741156611,0.776653415862792
0.596092553175364,0.574407093450227,0.535800907502108,0.866770758663529,0.889477106042712,0.911078775610474,10000,0.01484618753934,0.02300712474363,0.38185132557913,0.368218361078116,0.391477096911551,0.176948026274499,0.178861869118795,0.19303261526491,0.333244224287472,0.33039402878595,0.316282001405337,0.631608529352787,0.614777126180734,0.587743806113853,0.0911489314444571,0.0871634309502524,0.0748645889889412,0.449218571042955,0.423195843857173,0.463982961610946,0.298600285619704,0.316074676957307,0.32363478526094,0.603365806706088,0.599440523389134,0.617364000539439,0.751486970887289,0.76122202211426,0.749698064174761,0.447572750195055,0.440923712310352,0.451531414942336,0.521865112948931,0.511868237702791,0.527958165123225,0.433633224494539,0.4498967847807,0.428563080390642,0.264095375030152,0.257891149511829,0.277679686521172,0.616234322718222,0.60505311416823,0.600378835561707,0.0799326549203101,0.0806844876156751,0.0701717426128996,0.147548084926702,0.156064906683303,0.156267424929244
0.594677176988919,0.572226590235962,0.533404690773886,0.864075423133578,0.886807879946803,0.90873406073464,0.01484618753934,10000,0.0215748022822742,0.379364428257864,0.365712709563431,0.388957333982225,0.174661792038923,0.176826895206133,0.190226099262652,0.330391382089124,0.328299927504026,0.311999541056853,0.629980486761677,0.61265268406046,0.585890337803038,0.0839175826138332,0.0823485919127766,0.0680573772310751,0.446120461457113,0.419920503138898,0.461341949584422,0.292224697574591,0.311028549283157,0.319442893985342,0.600356508151944,0.596451044203554,0.614937098383012,0.752350693793215,0.762392881605676,0.750795129155769,0.445805137995499,0.439300352334897,0.450027021922693,0.520767231097443,0.510787730271308,0.526759382670438,0.431354457860376,0.448121128207398,0.426324332995466,0.262313703668268,0.255655867578669,0.275962333697119,0.613825165835301,0.602984939245762,0.597537104623377,0.0758051213249634,0.076219024639628,0.0665410318057733,0.148311192351323,0.154357086844311,0.153568954686498
0.58026627603187,0.55969437361598,0.522078406128605,0.848147540718777,0.870736076523577,0.892418074861047,0.02300712474363,0.0215748022822742,10000,0.363270598471468,0.35019569176631,0.373058620240883,0.168113421210232,0.171193105170639,0.182619410280896,0.312548514097813,0.309810020000029,0.294673951675052,0.611427277260934,0.593925124832185,0.56710368280072,0.0720907132739525,0.0685425301215868,0.0569669014558381,0.429202209043953,0.403422158642215,0.444591473738929,0.279390565375417,0.29644130596333,0.304147982081522,0.587701858093397,0.584318416275407,0.602151499035863,0.770205681178263,0.78030118171042,0.768591553283567,0.428101484361269,0.421586185452988,0.432092216458587,0.502433375844418,0.492397450974292,0.508431952173154,0.413376347775023,0.429817253607499,0.408109419275018,0.244726844529597,0.237446984212843,0.257617507830872,0.595704622060556,0.58457398306836,0.579667629118269,0.0890972421041578,0.0869485316360265,0.0767448664316763,0.132194616055766,0.139380513515412,0.142095457906218
0.286562940712797,0.264871905248348,0.251701774398078,0.498121035173891,0.520321769488329,0.542885991492675,0.38185132557913,0.379364428257864,0.363270598471468,10000,0.0275849999916997,0.0183821822571602,0.264253834533633,0.272678745912252,0.249015926558518,0.136761279485086,0.129292553283445,0.163547458944367,0.346666533492696,0.329686934066954,0.310046462395899,0.314734693608586,0.316844164501658,0.325570268756136,0.160668710917504,0.12450742697692,0.177611958939631,0.157606851127739,0.149048925814092,0.125530228500113,0.272512746609073,0.278867300964778,0.289988922345651,1.07469532175286,1.0836259400899,1.07087410425404,0.155368006290725,0.150499493912255,0.163526719365999,0.173758536441097,0.167505435696642,0.181416769508938,0.114945167101325,0.126564986885498,0.118166020260794,0.140455400097429,0.179734624626791,0.170012181472082,0.315443393477394,0.318076941262118,0.318714441765382,0.407568332365356,0.392637283510481,0.391251697192966,0.251795666867273,0.236960492121152,0.253110966420552
0.298723042209767,0.270298356715039,0.253410988996861,0.512827978467799,0.535354747369623,0.558006644990759,0.368218361078116,0.365712709563431,0.35019569176631,0.0275849999916997,10000,0.0307500198928658,0.247805232188211,0.256233862254854,0.233348863389305,0.140549502070468,0.133919092110512,0.167178581422085,0.362033794662971,0.346113081716254,0.326192067363326,0.301833101387218,0.304457100194628,0.312313861419089,0.171047395251199,0.13383725039204,0.185740084085833,0.150881969794225,0.143753990413952,0.120459336343324,0.279415295884817,0.28415505580763,0.296320998286972,1.05935010476186,1.06789647339707,1.05526330605775,0.171890584140248,0.16665183717849,0.180496973989047,0.193617811359265,0.187382756466228,0.200968094910424,0.133398016422919,0.145727483266038,0.136142052810921,0.133149391125845,0.175165560998802,0.166592214184027,0.331277271158038,0.333722251610109,0.334006638273462,0.392555468694601,0.377450136940221,0.376601981315688,0.239969543320555,0.224820752482469,0.240603686784093
0.283128774995266,0.258268253259389,0.246672055271327,0.486601546294123,0.509040368722142,0.531531838272012,0.391477096911551,0.388957333982225,0.373058620240883,0.0183821822571602,0.0307500198928658,10000,0.272541749012158,0.280922443572352,0.257805054557497,0.140548917784791,0.134372388510271,0.171370419623744,0.339552469395974,0.324608310489011,0.305352962587668,0.324249740579274,0.326608389589859,0.335126132137443,0.151654823166705,0.116263597793519,0.166204337742472,0.16332162804705,0.150848402744167,0.12645062626041,0.264549265056993,0.270699370246991,0.281102028675245,1.0859589279367,1.09458320218074,1.08194844265768,0.1619968337773,0.158007521442465,0.171478922616737,0.168076840285684,0.162145785486056,0.175027894718788,0.112513616526923,0.122999496667853,0.11711110264528,0.147821239128876,0.186408803595,0.175368467319719,0.309125626751877,0.312969020505274,0.31430343966327,0.415813053803852,0.400581337192935,0.39988882843466,0.261708344444934,0.246889003783271,0.263855012139103
0.45084529883603,0.41264527334184,0.369689758174258,0.732843620392816,0.756011054737257,0.778596342208101,0.176948026274499,0.174661792038923,0.168113421210232,0.264253834533633,0.247805232188211,0.272541749012158,10000,0.0120533996296651,0.0239742374661289,0.272531339860484,0.266398044736944,0.267437834781373,0.571307305415516,0.554260590923408,0.531369362339595,0.153162194317842,0.156900318833343,0.152296431354096,0.359680460567171,0.323984411865097,0.377423795084605,0.213937471863624,0.2452995626533,0.244155951409348,0.444313649932298,0.437885834378547,0.457587171592576,0.826725472859572,0.833966685951783,0.821977760630149,0.364578499302597,0.356064877661868,0.367983900865644,0.416921686493234,0.409424554842713,0.425136518655207,0.340995717117994,0.357505428713632,0.340326344514603,0.185124035070378,0.221014140426554,0.235276699195944,0.548289841445079,0.545706674360632,0.5434163088746,0.183533565736995,0.16933557425894,0.169360997633402,0.106050450415191,0.0942999828257603,0.071105356699171
0.454273053925649,0.41542137548234,0.371689999065221,0.739154362267338,0.762353014856179,0.784904545519128,0.178861869118795,0.176826895206133,0.171193105170639,0.272678745912252,0.256233862254854,0.280922443572352,0.0120533996296651,10000,0.0297716828951803,0.283347953492957,0.276932249833841,0.278376230635691,0.581475284318699,0.564557433734487,0.541749483072068,0.160049208101185,0.163363943365081,0.158143558153936,0.369188961217458,0.333299536633746,0.386936237301262,0.223973397741688,0.255931203411132,0.254708859243666,0.448170108571801,0.441288963351706,0.46114480955751,0.818864994018568,0.825894986505805,0.813919129807866,0.373527197371689,0.364824765885973,0.376650844544548,0.425243009854625,0.417882252117727,0.433644543158439,0.350503485300055,0.366808802730477,0.34999560897427,0.195716882791363,0.23205837895015,0.246191595021738,0.558470076798035,0.55607999104908,0.554001480021854,0.183386872658072,0.169411328577912,0.169617413785544,0.113768517030331,0.103695080731101,0.0788222630528583
0.434309113962121,0.395903385342867,0.352997594382879,0.716275364710482,0.739276812934989,0.762121412623554,0.19303261526491,0.190226099262652,0.182619410280896,0.249015926558518,0.233348863389305,0.257805054557497,0.0239742374661289,0.0297716828951803,10000,0.263114184663911,0.256498707281236,0.257204283589567,0.559930555286435,0.541658764680835,0.519423813631516,0.162905621159509,0.167507712569092,0.163951467548857,0.34790136144779,0.310681287858887,0.367055212818807,0.203735236581663,0.23758792087187,0.235398678157734,0.426495789014603,0.420618199718412,0.440646783594917,0.839576288119211,0.847124968930162,0.834930229793735,0.34821802396437,0.339563118768361,0.351126583846945,0.401530673037614,0.394357422349697,0.410098681504238,0.326690004137139,0.343433258275449,0.326223233383044,0.176139068124681,0.215518754353654,0.229326310374432,0.535210018890549,0.533363099625454,0.530696432025799,0.201260925051257,0.187243058075311,0.186442868746232,0.110823971089665,0.0955583042166399,0.0698186055871007
0.373534847727573,0.371043739100875,0.360153574214544,0.564088282815584,0.585162488914616,0.606054039106806,0.333244224287472,0.330391382089124,0.312548514097813,0.136761279485086,0.140549502070468,0.140548917784791,0.272531339860484,0.283347953492957,0.263114184663911,10000,0.0251846179098757,0.0571948277504498,0.31695045178488,0.299800604534687,0.273244411631098,0.258014762855323,0.259049749143259,0.271861588199357,0.146913917545712,0.135564122068984,0.163513025017773,0.129156111407072,0.0872922315935493,0.0759794347902481,0.379065474008114,0.385301108343258,0.394637768378364,1.06682837053411,1.07755050079998,1.06516076286822,0.185052635861843,0.185151643748739,0.196257479007521,0.215383585867309,0.204162420398893,0.216736956349189,0.116875520595825,0.133591296497425,0.109895497098312,0.0972575897548447,0.0849767344829465,0.0737108716232418,0.299458869037448,0.292064175682743,0.289742737442482,0.365066357360617,0.3521577637078,0.350176394349736,0.218087347158937,0.206113625548236,0.236980073772083
0.365620462607683,0.364489703461864,0.35362002052029,0.563399246358874,0.584332440168759,0.604666015297178,0.33039402878595,0.328299927504026,0.309810020000029,0.129292553283445,0.133919092110512,0.134372388510271,0.266398044736944,0.276932249833841,0.256498707281236,0.0251846179098757,10000,0.0677051530168702,0.319006225232368,0.301056017008238,0.275009468414824,0.25798946357931,0.258110568129936,0.271132872189987,0.149127265557227,0.135474292930465,0.166648228536857,0.13876934526691,0.101981084360707,0.0868594820064249,0.374803577901348,0.381065981439422,0.38940350449799,1.06305734503639,1.07347615418656,1.06101409544366,0.177219280473936,0.176038172255941,0.186471993239933,0.207404996885652,0.196220990445555,0.210098801730276,0.11256226497567,0.127497267799193,0.105113337682053,0.0880080727567002,0.0833162410182359,0.0698999302258086,0.302251644092893,0.294625885073987,0.294648467961371,0.363526365857945,0.3505181870094,0.347841326323978,0.21024646711377,0.200211802005553,0.231013734114694
0.394720454189995,0.39587458634563,0.381816218944952,0.596248367070262,0.616886902286414,0.639062559243024,0.316282001405337,0.311999541056853,0.294673951675052,0.163547458944367,0.167178581422085,0.171370419623744,0.267437834781373,0.278376230635691,0.257204283589567,0.0571948277504498,0.0677051530168702,10000,0.348535480826368,0.324427409379866,0.299294869753217,0.236601563375345,0.238462950537239,0.251690950235221,0.185204726928508,0.171367582056196,0.208264718516749,0.114357940747334,0.0938127661131513,0.0964755522491032,0.404146691380409,0.410749900890059,0.423339848574277,1.04091378280017,1.05310642245247,1.04039809231997,0.197316807354893,0.197132517559457,0.20585136254872,0.250489159995768,0.23976724454648,0.252637817741299,0.151451982488193,0.170450358851873,0.14294808799657,0.112220857147923,0.0905328986692155,0.0931821603022343,0.326863725117673,0.318176346624264,0.310508056056013,0.349190354591029,0.337840869903238,0.334321834277425,0.210334413506727,0.195861091770303,0.222710187494776
0.46192328222288,0.476772251679361,0.500386378629146,0.423240560426832,0.435250055084283,0.445574623681211,0.631608529352787,0.629980486761677,0.611427277260934,0.346666533492696,0.362033794662971,0.339552469395974,0.571307305415516,0.581475284318699,0.559930555286435,0.31695045178488,0.319006225232368,0.348535480826368,10000,0.0651152431112938,0.0632994003073266,0.559857959338974,0.562245175059883,0.574005920437402,0.247719121005666,0.27934062448276,0.230191671053161,0.420194663355086,0.371120418081152,0.356903405395686,0.451502676911793,0.467808375875242,0.456593805584367,1.36921831561918,1.37930065497571,1.36674465989228,0.293462097590822,0.303258159062976,0.303094635842409,0.232067316959997,0.230456142565204,0.219741242659784,0.253835310687256,0.240121889712211,0.251847888443485,0.391652648740364,0.377868831475411,0.357421179263742,0.0760778584530321,0.0734997987046726,0.103399337183966,0.661508696661268,0.648573531535575,0.647311470411768,0.521577054786157,0.51393923525567,0.544122545476741
0.448708792825451,0.467666713730815,0.48989349969781,0.432244645716725,0.444098631929209,0.456507686835495,0.614777126180734,0.61265268406046,0.593925124832185,0.329686934066954,0.346113081716254,0.324608310489011,0.554260590923408,0.564557433734487,0.541658764680835,0.299800604534687,0.301056017008238,0.324427409379866,0.0651152431112938,10000,0.0483411699517719,0.541043675538398,0.543652551037544,0.555720747198306,0.236296488439673,0.265275415784969,0.227955808614002,0.398923197859762,0.354428560741596,0.341033372449322,0.442882220376509,0.460183050194943,0.451157603065277,1.34667399153538,1.35759504666129,1.3446921567878,0.268358680635054,0.278108014963799,0.275455302454642,0.218984688663177,0.21720186425991,0.208115609852236,0.236094632847645,0.224074179922624,0.232365100402045,0.374981872475955,0.361240536200444,0.342298349021362,0.0732908438554017,0.066980248729584,0.0871415645603412,0.645068857735683,0.632681491680245,0.630260528365387,0.504082274518486,0.49593580117634,0.524249936184857
0.444509604537003,0.462031757454127,0.481477414020792,0.447511923419929,0.460745972258519,0.473934351831115,0.587743806113853,0.585890337803038,0.56710368280072,0.310046462395899,0.326192067363326,0.305352962587668,0.531369362339595,0.541749483072068,0.519423813631516,0.273244411631098,0.275009468414824,0.299294869753217,0.0632994003073266,0.0483411699517719,10000,0.514881572064715,0.517132851874585,0.529332662251647,0.220859036308255,0.248755859957598,0.21150746137408,0.376960707161607,0.330625171006134,0.317311837735563,0.440712057787484,0.457406015534462,0.449760577814644,1.3220692326792,1.33296584063687,1.32017730183612,0.247806655957454,0.257865298671865,0.256296656571367,0.207609705541696,0.204179057658284,0.196833040504826,0.215713092157112,0.204032569431,0.211166977950299,0.35056353998413,0.334572275592136,0.315451005957423,0.0759659255868759,0.0591690724446229,0.0790265111991572,0.61963743550256,0.607359141946525,0.604864216600456,0.478441858479047,0.470574331654279,0.499864749464798
0.541341005887825,0.521073601599652,0.485810239102191,0.798322482800725,0.820708285683776,0.843081280445385,0.0911489314444571,0.0839175826138332,0.0720907132739525,0.314734693608586,0.301833101387218,0.324249740579274,0.153162194317842,0.160049208101185,0.162905621159509,0.258014762855323,0.25798946357931,0.236601563375345,0.559857959338974,0.541043675538398,0.514881572064715,10000,0.0249561105528764,0.0189885109455615,0.377047719969246,0.352397418603569,0.393636416831025,0.218928657453148,0.236336850772571,0.246653454090719,0.545109382760972,0.542899179625347,0.561148879507385,0.821195474273744,0.832071727569531,0.820057889152358,0.382391306390226,0.3767383360641,0.387620622020005,0.454928853996109,0.444778700729653,0.460116225589961,0.361765814820507,0.379650115348881,0.356157956199123,0.197428107246032,0.18672368870596,0.2083987351814,0.542463898990755,0.53218220267509,0.525439598083894,0.123231809709545,0.116098643621656,0.1103095719113,0.108160639972104,0.105042829450054,0.11580450343283
0.53862435000245,0.522806614704787,0.488085755371523,0.801379709936685,0.823765948276924,0.845783085853297,0.0871634309502524,0.0823485919127766,0.0685425301215868,0.316844164501658,0.304457100194628,0.326608389589859,0.156900318833343,0.163363943365081,0.167507712569092,0.259049749143259,0.258110568129936,0.238462950537239,0.562245175059883,0.543652551037544,0.517132851874585,0.0249561105528764,10000,0.0226608812379293,0.380885368920618,0.357489563270543,0.397433249954596,0.222097440475219,0.238581834741138,0.248713079871707,0.549260872567533,0.547070489519575,0.564821765635965,0.820727873072964,0.831684744215579,0.819747977890478,0.38458044960084,0.378766962785588,0.389370919695323,0.455082682488876,0.444740200831853,0.460350464873401,0.363227169816543,0.380346950300302,0.357527866931302,0.199667540000032,0.188768547042726,0.210107051248603,0.546610598661634,0.535554226729368,0.529871699523346,0.12442245184836,0.11796073037291,0.110708836826406,0.100813571164817,0.102909083515726,0.116492712903822
0.549288360668487,0.529189706429091,0.493028934478369,0.810746710168083,0.833249069814277,0.855479467056661,0.0748645889889412,0.0680573772310751,0.0569669014558381,0.325570268756136,0.312313861419089,0.335126132137443,0.152296431354096,0.158143558153936,0.163951467548857,0.271861588199357,0.271132872189987,0.251690950235221,0.574005920437402,0.555720747198306,0.529332662251647,0.0189885109455615,0.0226608812379293,10000,0.391021025380329,0.366037503824337,0.40711155996942,0.232128709969795,0.249997665454533,0.259780847866689,0.554648775382098,0.552022397985811,0.570268952199797,0.806810467491493,0.817478746061354,0.805552004787429,0.394059282379376,0.388124499717821,0.399080259788001,0.466915056598965,0.456764293417468,0.472340111755959,0.374934193599611,0.392413876980526,0.369507400257853,0.209133157652195,0.199983517266387,0.221225659488353,0.557106403278568,0.546650671411928,0.540430021985687,0.109864337797357,0.10325085965943,0.0966178064252988,0.109534569592521,0.109740684036056,0.118114826943584
0.332963023488371,0.315550391273406,0.321292373845441,0.449728270351555,0.470717562300975,0.491084490748332,0.449218571042955,0.446120461457113,0.429202209043953,0.160668710917504,0.171047395251199,0.151654823166705,0.359680460567171,0.369188961217458,0.34790136144779,0.146913917545712,0.149127265557227,0.185204726928508,0.247719121005666,0.236296488439673,0.220859036308255,0.377047719969246,0.380885368920618,0.391021025380329,10000,0.051966686977166,0.0438034104009853,0.21781320108777,0.178170740909784,0.159722228237113,0.313559327479482,0.320892584441482,0.324149119070868,1.17617257475355,1.18504659373217,1.17274973164544,0.219460068098639,0.222463548327792,0.230565003102959,0.158937341363956,0.152992504594597,0.156013074797218,0.106681993984429,0.108747679175841,0.108524686003402,0.200816490671207,0.212143315432597,0.194574725862086,0.23292645317707,0.238808529024115,0.243867088389571,0.472219487524756,0.457737587862835,0.458429750695765,0.330729721589065,0.317557896197154,0.343554016997334
0.321600750885368,0.293943893942893,0.293257419691515,0.461724058482003,0.483341138936278,0.505099481281931,0.423195843857173,0.419920503138898,0.403422158642215,0.12450742697692,0.13383725039204,0.116263597793519,0.323984411865097,0.333299536633746,0.310681287858887,0.135564122068984,0.135474292930465,0.171367582056196,0.27934062448276,0.265275415784969,0.248755859957598,0.352397418603569,0.357489563270543,0.366037503824337,0.051966686977166,10000,0.0781922867497258,0.194514384413643,0.164395347559239,0.142464271352864,0.291602647892172,0.29836016395142,0.304848064661888,1.14086811656166,1.14950127568935,1.13710612169193,0.196929552214472,0.198312708237031,0.207873503579757,0.160966884387813,0.155589517518682,0.162119214884291,0.0982954100382801,0.106183453445036,0.101125326965647,0.172283607991068,0.19334941181238,0.177474473194882,0.255233961558612,0.261886566661804,0.263732793707196,0.446611270826791,0.43186480076987,0.432221407322656,0.303373073257147,0.288169264626284,0.31051887157949
0.349588105252335,0.328778795928137,0.336351473757267,0.443160955068558,0.46423196846684,0.483242180516157,0.463982961610946,0.461341949584422,0.444591473738929,0.177611958939631,0.185740084085833,0.166204337742472,0.377423795084605,0.386936237301262,0.367055212818807,0.163513025017773,0.166648228536857,0.208264718516749,0.230191671053161,0.227955808614002,0.21150746137408,0.393636416831025,0.397433249954596,0.40711155996942,0.0438034104009853,0.0781922867497258,10000,0.241388682013714,0.195198062145096,0.176130615780157,0.322559122269409,0.329722733265281,0.330152060839184,1.19503060423343,1.20328494004672,1.19123787302996,0.231696852972262,0.235485005770651,0.245022711928049,0.164326085572882,0.158508195031826,0.159250741531835,0.123629099986613,0.122104105118258,0.126872614890142,0.217092130636213,0.225058569720834,0.205337425410676,0.219476547017242,0.225927521787684,0.234037571444076,0.487004299097515,0.472151582379714,0.473760985931669,0.348245949109082,0.336177603532508,0.364240230962491
0.371605952652473,0.357654697162959,0.333578672920513,0.60464104346972,0.627122795081774,0.651722156545874,0.298600285619704,0.292224697574591,0.279390565375417,0.157606851127739,0.150881969794225,0.16332162804705,0.213937471863624,0.223973397741688,0.203735236581663,0.129156111407072,0.13876934526691,0.114357940747334,0.420194663355086,0.398923197859762,0.376960707161607,0.218928657453148,0.222097440475219,0.232128709969795,0.21781320108777,0.194514384413643,0.241388682013714,10000,0.0644904157835664,0.0780346481042352,0.374366582357593,0.375956996838701,0.395309537368241,0.99543657559394,1.00670086710216,0.99435208401637,0.25354625683344,0.25117599209681,0.262874417808204,0.291379024482753,0.282438728290284,0.294673621346541,0.200042459716835,0.220352957085336,0.198058380406434,0.128944735740988,0.142850089622706,0.151177407892201,0.395980305155013,0.393739122611835,0.385039369532608,0.314452496205271,0.301709825069664,0.301210135018552,0.191424288193666,0.169880069491713,0.186164470114768
0.379039252918494,0.367463689119393,0.350118824392285,0.584887065587526,0.607179484610127,0.630102586533426,0.316074676957307,0.311028549283157,0.29644130596333,0.149048925814092,0.143753990413952,0.150848402744167,0.2452995626533,0.255931203411132,0.23758792087187,0.0872922315935493,0.101981084360707,0.0938127661131513,0.371120418081152,0.354428560741596,0.330625171006134,0.236336850772571,0.238581834741138,0.249997665454533,0.178170740909784,0.164395347559239,0.195198062145096,0.0644904157835664,10000,0.0304620325069426,0.380357208470197,0.383273691756452,0.397957964839797,1.03570836576198,1.04639562417487,1.03426569925807,0.238431483465687,0.237772376759909,0.250554109855742,0.263829079700428,0.25364161456193,0.264835564155381,0.169709094429642,0.188232416933383,0.166939781863959,0.117275712739324,0.116896942949456,0.117490969985893,0.352732767343473,0.348676003028998,0.34250836876012,0.335240177467922,0.321930752689472,0.322270624483654,0.207877947570906,0.191308672828545,0.218118115532179
0.363327857095201,0.349704612285859,0.333458940648149,0.567306045479408,0.589634060174707,0.61213458114475,0.32363478526094,0.319442893985342,0.304147982081522,0.125530228500113,0.120459336343324,0.12645062626041,0.244155951409348,0.254708859243666,0.235398678157734,0.0759794347902481,0.0868594820064249,0.0964755522491032,0.356903405395686,0.341033372449322,0.317311837735563,0.246653454090719,0.248713079871707,0.259780847866689,0.159722228237113,0.142464271352864,0.176130615780157,0.0780346481042352,0.0304620325069426,10000,0.362370189184386,0.365645919208892,0.378941030736174,1.045120133451,1.05516916141376,1.04304381672737,0.22096863337056,0.220061504348481,0.233045765641641,0.241648221745447,0.231657514553993,0.243225465896098,0.149669621665395,0.167121820153163,0.147459625754786,0.104498537569386,0.112792453043413,0.108673278933805,0.338266553622114,0.335002608466835,0.330842974994365,0.344473486118654,0.330664398921457,0.330631763823307,0.208315132889229,0.192840557250702,0.219876309804014
0.174771424353648,0.0838722194356945,0.11354130829945,0.333347801428993,0.35549842521886,0.380010316512517,0.603365806706088,0.600356508151944,0.587701858093397,0.272512746609073,0.279415295884817,0.264549265056993,0.444313649932298,0.448170108571801,0.426495789014603,0.379065474008114,0.374803577901348,0.404146691380409,0.451502676911793,0.442882220376509,0.440712057787484,0.545109382760972,0.549260872567533,0.554648775382098,0.313559327479482,0.291602647892172,0.322559122269409,0.374366582357593,0.380357208470197,0.362370189184386,10000,0.0262043743082555,0.0389025304969394,1.22038172704592,1.22667295958685,1.21431863638149,0.335344159503659,0.332713633723725,0.338319118437276,0.262400920643465,0.269590651070604,0.268745839161613,0.295432016369277,0.295334987077173,0.307820734188486,0.379353959131738,0.428489043538244,0.418500551732823,0.415034233201823,0.437725074143881,0.443306170816469,0.61510967579346,0.598926680854537,0.601060542976887,0.472332900492102,0.455446548983963,0.45660593385656
0.179391497526975,0.0745549397909902,0.100129158873338,0.348003243913588,0.37035452911838,0.394461083292651,0.599440523389134,0.596451044203554,0.584318416275407,0.278867300964778,0.28415505580763,0.270699370246991,0.437885834378547,0.441288963351706,0.420618199718412,0.385301108343258,0.381065981439422,0.410749900890059,0.467808375875242,0.460183050194943,0.457406015534462,0.542899179625347,0.547070489519575,0.552022397985811,0.320892584441482,0.29836016395142,0.329722733265281,0.375956996838701,0.383273691756452,0.365645919208892,0.0262043743082555,10000,0.0375252388805752,1.21044884380856,1.21628018871997,1.20409477519517,0.351213829392611,0.348134910700363,0.35450967487495,0.278163051433704,0.284838863598981,0.284548173280091,0.306644488636677,0.307250033356536,0.319130487074756,0.381226580479605,0.432006147500677,0.422538325655091,0.432952445471019,0.455416034651339,0.461273361127243,0.609181379648614,0.592905245966231,0.595597504159233,0.469944311704744,0.453062493408679,0.453410962193763
0.177911067022442,0.0862078905126502,0.122178534921214,0.325007238458039,0.346984017726951,0.369269632307974,0.617364000539439,0.614937098383012,0.602151499035863,0.289988922345651,0.296320998286972,0.281102028675245,0.457587171592576,0.46114480955751,0.440646783594917,0.394637768378364,0.38940350449799,0.423339848574277,0.456593805584367,0.451157603065277,0.449760577814644,0.561148879507385,0.564821765635965,0.570268952199797,0.324149119070868,0.304848064661888,0.330152060839184,0.395309537368241,0.397957964839797,0.378941030736174,0.0389025304969394,0.0375252388805752,10000,1.23517659223119,1.24065566855495,1.22851320097959,0.354709231878949,0.351925594374512,0.357676337484546,0.270641730279741,0.278167529447366,0.276588637269728,0.309632402237437,0.307726823439673,0.322380784033125,0.392973284336228,0.442785727928705,0.431739918041512,0.424201860358391,0.447370127758342,0.455924210633112,0.628241991936063,0.611786681445497,0.61432645832976,0.485278394178202,0.469862987874265,0.472169091580292
1.21603511410129,1.18439488985453,1.13157619997824,1.53970434815465,1.56259298876021,1.58664483193603,0.751486970887289,0.752350693793215,0.770205681178263,1.07469532175286,1.05935010476186,1.0859589279367,0.826725472859572,0.818864994018568,0.839576288119211,1.06682837053411,1.06305734503639,1.04091378280017,1.36921831561918,1.34667399153538,1.3220692326792,0.821195474273744,0.820727873072964,0.806810467491493,1.17617257475355,1.14086811656166,1.19503060423343,0.99543657559394,1.03570836576198,1.045120133451,1.22038172704592,1.21044884380856,1.23517659223119,10000,0.0356627531036553,0.029443031014494,1.13421460573417,1.12494237864811,1.13294616505673,1.22845179905887,1.220673868268,1.2378875066766,1.15126293601011,1.16863802741191,1.14798126450457,0.989577648970535,0.997352941020447,1.01793705042246,1.34348710703315,1.33442813131086,1.32536959733658,0.729324706059644,0.742059433260791,0.739345498509541,0.862356591398378,0.868370316458223,0.840178854833632
1.22411347834082,1.19027772098109,1.13723912063177,1.54696301648058,1.56993073789934,1.59373113025705,0.76122202211426,0.762392881605676,0.78030118171042,1.0836259400899,1.06789647339707,1.09458320218074,0.833966685951783,0.825894986505805,0.847124968930162,1.07755050079998,1.07347615418656,1.05310642245247,1.37930065497571,1.35759504666129,1.33296584063687,0.832071727569531,0.831684744215579,0.817478746061354,1.18504659373217,1.14950127568935,1.20328494004672,1.00670086710216,1.04639562417487,1.05516916141376,1.22667295958685,1.21628018871997,1.24065566855495,0.0356627531036553,10000,0.0178887701274074,1.14522773457305,1.13583737359888,1.14407709900231,1.23758278827631,1.22992331916011,1.24710165747176,1.16129632098864,1.17841450081942,1.15821666629602,0.998729508452742,1.00761290102346,1.02779086145761,1.35400957763795,1.34526956864905,1.3368411871613,0.738091357891012,0.75054300256831,0.748222140578495,0.871423276191007,0.877762181833261,0.849647606972841
1.21170603431112,1.17812215258048,1.12515962523047,1.53447481061701,1.55738251815201,1.5812277567007,0.749698064174761,0.750795129155769,0.768591553283567,1.07087410425404,1.05526330605775,1.08194844265768,0.821977760630149,0.813919129807866,0.834930229793735,1.06516076286822,1.06101409544366,1.04039809231997,1.36674465989228,1.3446921567878,1.32017730183612,0.820057889152358,0.819747977890478,0.805552004787429,1.17274973164544,1.13710612169193,1.19123787302996,0.99435208401637,1.03426569925807,1.04304381672737,1.21431863638149,1.20409477519517,1.22851320097959,0.029443031014494,0.0178887701274074,10000,1.13182827143929,1.12239734297973,1.13052838140285,1.22482623936129,1.21718446653332,1.23439328081391,1.14861316974296,1.16576015262615,1.14547494876589,0.986463537518696,0.995406998502166,1.01562965356408,1.34110609318692,1.33235845105258,1.32383654940164,0.726937218811789,0.739359582020109,0.736863090800949,0.859409686742464,0.865637328252991,0.837327189093917
0.34297778169403,0.348598408478876,0.346497442771515,0.499019739170128,0.517263527334565,0.537583141235731,0.447572750195055,0.445805137995499,0.428101484361269,0.155368006290725,0.171890584140248,0.1619968337773,0.364578499302597,0.373527197371689,0.34821802396437,0.185052635861843,0.177219280473936,0.197316807354893,0.293462097590822,0.268358680635054,0.247806655957454,0.382391306390226,0.38458044960084,0.394059282379376,0.219460068098639,0.196929552214472,0.231696852972262,0.25354625683344,0.238431483465687,0.22096863337056,0.335344159503659,0.351213829392611,0.354709231878949,1.13421460573417,1.14522773457305,1.13182827143929,10000,0.0140427980053156,0.0241713960506627,0.161330246180409,0.155449202066521,0.167901584507544,0.133691744291725,0.136950937725292,0.130318998379989,0.219239243445699,0.228434818197625,0.217466677805321,0.250348564283497,0.246653572645494,0.243466774488302,0.485199742871892,0.472481311997296,0.467456114493073,0.328435077405504,0.317344766274865,0.333636159821647
0.339294118976633,0.344229826760877,0.340935797278165,0.503745972363136,0.522125750791909,0.542422267286711,0.440923712310352,0.439300352334897,0.421586185452988,0.150499493912255,0.16665183717849,0.158007521442465,0.356064877661868,0.364824765885973,0.339563118768361,0.185151643748739,0.176038172255941,0.197132517559457,0.303258159062976,0.278108014963799,0.257865298671865,0.3767383360641,0.378766962785588,0.388124499717821,0.222463548327792,0.198312708237031,0.235485005770651,0.25117599209681,0.237772376759909,0.220061504348481,0.332713633723725,0.348134910700363,0.351925594374512,1.12494237864811,1.13583737359888,1.12239734297973,0.0140427980053156,10000,0.0211435730024391,0.164265847283678,0.158443842700886,0.171769223894523,0.136054345451506,0.139715499418157,0.132804077353913,0.214109427272099,0.225717080995288,0.215197218688656,0.260894523220526,0.257273607704956,0.254902495626312,0.47843096428918,0.465663862812807,0.460531648051778,0.320917203696388,0.310147517883082,0.325754678710944
0.340692437334226,0.349583193548121,0.347905792461586,0.502926248913283,0.520700607521663,0.540748449588458,0.451531414942336,0.450027021922693,0.432092216458587,0.163526719365999,0.180496973989047,0.171478922616737,0.367983900865644,0.376650844544548,0.351126583846945,0.196257479007521,0.186471993239933,0.20585136254872,0.303094635842409,0.275455302454642,0.256296656571367,0.387620622020005,0.389370919695323,0.399080259788001,0.230565003102959,0.207873503579757,0.245022711928049,0.262874417808204,0.250554109855742,0.233045765641641,0.338319118437276,0.35450967487495,0.357676337484546,1.13294616505673,1.14407709900231,1.13052838140285,0.0241713960506627,0.0211435730024391,10000,0.165068136693436,0.159890269926278,0.172882033380599,0.144048692687668,0.146199061205769,0.140141328964937,0.226601935902577,0.237602327442703,0.227288907454551,0.260658778118217,0.256576559233424,0.254410511194096,0.489970135006836,0.477569480557299,0.471801687709828,0.331487728706185,0.321277535406271,0.336244905978894
