10000,0.122821862230164,0.150729151839971,0.356677040939662,0.374507962658101,0.395457806287589,0.55256545578797,0.551721845635447,0.538159224697596,0.267562563563287,0.280170784587039,0.264615052526113,0.419978568402003,0.423021138305458,0.404837369881931,0.349515321057266,0.341272814945435,0.369698721026483,0.43334279705777,0.417795337576646,0.416172507176092,0.507207435636754,0.504116971091163,0.514021079876616,0.305520332875651,0.29139282136201,0.323353226847725,0.348648321924633,0.357504633742608,0.340880384357299,0.164309921890989,0.168754577039962,0.169699542186485,1.15593712243932,1.16149251807555,1.15143199645271,0.322599002127865,0.320388767743441,0.321645989875357,0.238507839465264,0.243095761068522,0.245595806845838,0.274688789195785,0.269971713054614,0.284337790127767,0.354700061485503,0.398324224725999,0.389739443224498,0.410507489552912,0.425937267155053,0.433847967831143,0.567620982601272,0.553812355336586,0.553880954801431,0.426933335427963,0.416543657008718,0.421013652895389
0.122821862230164,10000,0.0529790985679212,0.354685897208205,0.374881414782902,0.397580516963057,0.536198175779765,0.534751358150501,0.52296593963202,0.246331455052542,0.251735207429231,0.239835020016887,0.386809480308321,0.389119315311709,0.371863123628668,0.350383826314683,0.343157358278857,0.375516431253151,0.446056582609815,0.435298005418464,0.432794624247967,0.492002670269934,0.492998060914536,0.49872154868205,0.29409115376743,0.270897957592638,0.306318851184438,0.3400616428129,0.349051063580049,0.330397625804523,0.0747679623810906,0.0673871795008625,0.0770411115910785,1.12985893292438,1.13324569985434,1.12335383809213,0.326607040469716,0.323448869586289,0.328829394363312,0.252801461579824,0.257673689537086,0.26052358317727,0.280943036833325,0.279653895972668,0.292270779813284,0.341191498955684,0.391619757592426,0.382524499315341,0.415885325507576,0.434967768555918,0.441522331267621,0.546498245481936,0.531359977110113,0.533907922532205,0.41585255221176,0.40242190947472,0.404045285194941
0.150729151839971,0.0529790985679212,10000,0.404250491377226,0.424741925443907,0.447845665038868,0.499183365433231,0.4975617946901,0.486927794287883,0.232904462243684,0.234775318667925,0.228032165207656,0.34557315321944,0.347040343140942,0.330722129018127,0.340125772428471,0.332763493370504,0.36204503084751,0.469197031005835,0.456799805351769,0.451755939817255,0.458314273515715,0.459752599221526,0.464102814837858,0.300475476093294,0.271097111223869,0.314644873759954,0.316979796230476,0.332427432318386,0.314858610152066,0.103827577333601,0.092620445196374,0.11233666015538,1.07951893188521,1.08269284227352,1.07286133344215,0.323875685059057,0.319415661358628,0.32623938217375,0.271681124169142,0.274758824667754,0.280416015354906,0.284123857571005,0.286229158265533,0.294750199478923,0.319820841764902,0.373067181996628,0.366299152753853,0.436748069247872,0.453965543595199,0.458309827750002,0.507295785894016,0.492240235088659,0.495049160015441,0.382993451491631,0.368976544242802,0.36703552234249
0.356677040939662,0.354685897208205,0.404250491377226,10000,0.0233923551723813,0.0495370167698824,0.811900810799323,0.810044464300711,0.794953958143874,0.474649988693459,0.488506966297092,0.463290335209772,0.689215968167816,0.695012438460327,0.674691398257045,0.533207266401876,0.531927974301422,0.566823217878093,0.397910803256021,0.40857814827734,0.423439734117868,0.753861945746996,0.756173786647262,0.76499073668925,0.417180954686656,0.429989666017335,0.409152476608844,0.576316633120363,0.555435484749,0.537909604968809,0.318112696854261,0.329756530006885,0.306999299620772,1.46557342762081,1.47023014108532,1.46002433050134,0.482101221305341,0.487176351257577,0.487223023314962,0.355778289678989,0.365637768909495,0.350954147566828,0.431934526899455,0.419226483743248,0.442410742397557,0.57335779685081,0.599361891439775,0.582117716578145,0.387221987421622,0.416380166807324,0.430425124451876,0.829539980666712,0.814107602327474,0.817085814139104,0.690131819899888,0.676830598992505,0.692057421214571
0.374507962658101,0.374881414782902,0.424741925443907,0.0233923551723813,10000,0.0290149596990029,0.832396614175432,0.83056763122386,0.815324660783289,0.494775815523626,0.508940408938949,0.483646247764661,0.710210110145175,0.71603122296252,0.695528425990658,0.552246552605156,0.550808048170467,0.585469288342374,0.408876025606699,0.419540886112289,0.435463646903912,0.774131397547476,0.776427623758442,0.785362734392226,0.43606837993899,0.449528036231045,0.42813480761286,0.596789562304985,0.575689326249638,0.558209541447009,0.338316322936494,0.35015378906611,0.327119467009948,1.48630038014784,1.49102319806077,1.48076259045984,0.498763671972274,0.503936921398857,0.50342755704031,0.372858096951327,0.382845782308301,0.367993992423085,0.450277099738006,0.437273081793781,0.460496194484632,0.593166842065477,0.618630551103666,0.601283886954044,0.399338669120895,0.428339376133699,0.44268757064225,0.850356682154908,0.834979566789022,0.837798030595617,0.710372926752705,0.697213839732436,0.712477231365646
0.395457806287589,0.397580516963057,0.447845665038868,0.0495370167698824,0.0290149596990029,10000,0.854621826527419,0.853038178938903,0.837586977276561,0.517275751654637,0.531494788635206,0.50612517371185,0.733186149363813,0.739014401279972,0.718649500213935,0.573666456759824,0.571864731908143,0.607673869885557,0.420502147595522,0.432715528571483,0.449253425390622,0.796806284379286,0.798908595948971,0.807998703303444,0.456588987226804,0.470978624227259,0.447815128834639,0.620784023836979,0.598593828814647,0.580712936916404,0.362422604501113,0.374033501513987,0.34995549066452,1.51014525208038,1.51465809038789,1.50442825909139,0.519243036842272,0.524456971461628,0.52358054913403,0.391962017643247,0.402042940619728,0.386952981666918,0.471297925731585,0.457532403134014,0.481258706056951,0.614751556346663,0.63985320562178,0.622083774183931,0.413958293051797,0.442511708335506,0.458116737137902,0.872925253222498,0.857567610663037,0.860268004605321,0.732200199917043,0.719640445557487,0.735355955347925
0.55256545578797,0.536198175779765,0.499183365433231,0.811900810799323,0.832396614175432,0.854621826527419,10000,0.0136786687584144,0.0211907013465058,0.344723015074997,0.330846863832397,0.354642957169002,0.163982380260518,0.166615681350768,0.178068326937496,0.307420013269728,0.305015718750428,0.287192197498581,0.587875062716324,0.566860096459447,0.544053849197297,0.0778565693015468,0.0754749675580051,0.0630377210751998,0.423682310773572,0.395411673587808,0.440539424123579,0.265116344168032,0.287489011579499,0.294751572035167,0.560276937382411,0.558581838689831,0.576481264099213,0.723961621657407,0.731588205527942,0.721905830162337,0.396797842937421,0.390148253860227,0.400312930133719,0.483808872706647,0.474114276005768,0.489523538089452,0.400397751031627,0.416085609600993,0.394289987215148,0.244661343204461,0.238410640170273,0.25759333466261,0.56466181757117,0.553785105578035,0.545115036408313,0.075727602231145,0.0765719744655989,0.0663898324355269,0.131525322667345,0.140166880032602,0.138430158003554
0.551721845635447,0.534751358150501,0.4975617946901,0.810044464300711,0.83056763122386,0.853038178938903,0.0136786687584144,10000,0.020395461638803,0.34341816608204,0.32955786431812,0.353276499374096,0.162490528751658,0.165295459754309,0.176179013453529,0.305402547135939,0.303703552478602,0.283896116931327,0.586979838192887,0.565595912995915,0.543050443744475,0.0714862505460277,0.0714211368073657,0.0569754293107237,0.421495682805245,0.393270569313778,0.438682973925994,0.2599527024514,0.283430379529349,0.291656495951392,0.558101517966347,0.556387845228409,0.574749587374964,0.724510785929059,0.732421246450564,0.722675833778042,0.396156434278537,0.389631824026206,0.39995955178829,0.483461014388475,0.473746270270999,0.489060368738998,0.398954676453927,0.4151410177126,0.392946004140067,0.24367671622765,0.236880584339997,0.256549525649419,0.563175330061373,0.552615657694202,0.543310241603448,0.0709796452539944,0.0714000959133261,0.0624322686102191,0.132825097050938,0.139197881266994,0.136718845407376
0.538159224697596,0.52296593963202,0.486927794287883,0.794953958143874,0.815324660783289,0.837586977276561,0.0211907013465058,0.020395461638803,10000,0.328093057957569,0.314803422450249,0.338170102608985,0.156488140151167,0.1602264135918,0.169107752406712,0.288388964260471,0.286069801687303,0.267220959673447,0.569216558973548,0.547585642650419,0.525016813961814,0.0600353168926817,0.0582779674280502,0.0464794365900055,0.40533643715031,0.377374598114474,0.422804283045518,0.247732830224573,0.26973424928366,0.277167206846724,0.546193051000813,0.544972826002633,0.562729882119722,0.741461217310778,0.749396979403827,0.739566069758387,0.378959170143322,0.372437911321184,0.382553082360219,0.465981041782468,0.45622404553093,0.471581700596071,0.381784667119146,0.397654853107264,0.37550281383182,0.226892559296596,0.219468109168415,0.239040127637554,0.545759599905938,0.534926631875663,0.526056120874665,0.0836930438440662,0.0817934805052928,0.072365502815767,0.117246405708433,0.124696522680584,0.125686402321893
0.267562563563287,0.246331455052542,0.232904462243684,0.474649988693459,0.494775815523626,0.517275751654637,0.344723015074997,0.34341816608204,0.328093057957569,10000,0.0248705840671583,0.0174599582745982,0.236179516090744,0.244200372509702,0.222680438161588,0.124502396076461,0.114891150630756,0.152476116751983,0.328230904412177,0.309527784312289,0.293335166890155,0.28950739841619,0.291108885911295,0.299237088595089,0.146053162978257,0.104413000925675,0.165877752535601,0.149313669499365,0.143250754928333,0.1192700375023,0.25404786391534,0.259864064523816,0.270758333730544,1.01998325354993,1.02606030220671,1.01566978365103,0.142434785275924,0.138135134212851,0.151802718072558,0.162736176357216,0.155956649742233,0.170204280918356,0.105608819963181,0.117245696082699,0.109406074724835,0.117118366661921,0.158929241968728,0.148603678929116,0.293607490024574,0.296743645889038,0.295283032111832,0.369720193909265,0.355318173353197,0.3555176590181,0.225339858747784,0.211125629905668,0.229046418267245
0.280170784587039,0.251735207429231,0.234775318667925,0.488506966297092,0.508940408938949,0.531494788635206,0.330846863832397,0.32955786431812,0.314803422450249,0.0248705840671583,10000,0.0286799928593991,0.219236481457847,0.227324383149316,0.206535192324451,0.127376712343817,0.118811399910573,0.155263904341891,0.342301068750968,0.324852670786027,0.308255055991767,0.276371119149569,0.278574710958711,0.285799899972415,0.155213147413112,0.11287546721372,0.172771674139033,0.142274690454877,0.137600972041196,0.113635445155509,0.260404089119181,0.264678744416561,0.276503255931424,1.00539113849215,1.01106504995078,1.00080344461484,0.158347652410252,0.153741654692689,0.168051589537423,0.181814534387015,0.175044539398525,0.188879729868253,0.122890670965223,0.13527845180328,0.126198574607956,0.108135314850131,0.153551733059492,0.144202758775404,0.307989893795638,0.310946383344971,0.309192715979999,0.354650765269698,0.340025212638264,0.34078742493584,0.212825019028993,0.198154964848824,0.21587170616579
0.264615052526113,0.239835020016887,0.228032165207656,0.463290335209772,0.483646247764661,0.50612517371185,0.354642957169002,0.353276499374096,0.338170102608985,0.0174599582745982,0.0286799928593991,10000,0.244941580170553,0.252922575313212,0.232012089764072,0.128172561249275,0.120221490608698,0.16010793699752,0.32104765347165,0.304412409347177,0.288450825034266,0.299086990807983,0.300986039980668,0.308911393630479,0.135908134230167,0.0943044731340124,0.153741705059749,0.154410410906009,0.144315710062742,0.119525263057801,0.246374348445631,0.251963638559523,0.262219615069314,1.03125273532665,1.03705923209963,1.02676987601198,0.149971597989268,0.146663807594243,0.16058379626734,0.15747351774321,0.150931847750581,0.164124731275591,0.103285809770173,0.113904672360154,0.108496214450264,0.125406672637832,0.166061817810061,0.154422907014374,0.287183968203543,0.291525553628417,0.2906955651546,0.378206895755228,0.363541065484638,0.364405274399456,0.235880053213431,0.221648177283094,0.240260974023631
0.419978568402003,0.386809480308321,0.34557315321944,0.689215968167816,0.710210110145175,0.733186149363813,0.163982380260518,0.162490528751658,0.156488140151167,0.236179516090744,0.219236481457847,0.244941580170553,10000,0.0113170901493654,0.0216564357817039,0.255653877081097,0.249360045357237,0.248402914938703,0.534875288045437,0.514340215056001,0.49551912262204,0.145997660003986,0.149408455137876,0.144484017958078,0.341749135600042,0.30402581356264,0.360719909470933,0.192863140195559,0.227853159721193,0.225786705555294,0.413301807858042,0.409221166674642,0.428619221736446,0.793528015280197,0.79840869766558,0.788481502542092,0.324570733066384,0.316216939162778,0.327868587682367,0.388833517881838,0.381417277416273,0.396824427293059,0.31777901342308,0.333332258443318,0.316100276998361,0.174428110317329,0.208226702971263,0.221232958269143,0.505077799930341,0.502723281669192,0.497171850113435,0.171634476584956,0.158020481738907,0.158924246995164,0.098786375215725,0.0886360645745363,0.0658175202149551
0.423021138305458,0.389119315311709,0.347040343140942,0.695012438460327,0.71603122296252,0.739014401279972,0.166615681350768,0.165295459754309,0.1602264135918,0.244200372509702,0.227324383149316,0.252922575313212,0.0113170901493654,10000,0.0264111294194515,0.266135832185854,0.25962929328918,0.258894913917585,0.544651513066018,0.524181405332934,0.505454431428856,0.152760135896005,0.155911192444212,0.15036383450983,0.350820087715675,0.312834734402956,0.369864638266062,0.202334801869443,0.23806147463603,0.235920362780577,0.416573778201282,0.412085905075063,0.431700086504596,0.78601480515009,0.79070036921601,0.780783745076998,0.333134713135734,0.324621016254858,0.336117997313941,0.396807078399793,0.389554199748717,0.404982579370589,0.326899385342455,0.342272649932286,0.325370801644194,0.184771327411115,0.219100955286264,0.232026355723199,0.514822894373558,0.512701483219204,0.507307716028926,0.172186304173195,0.158886937750591,0.159807706203017,0.106860763176966,0.0980419719749973,0.0730992864673759
0.404837369881931,0.371863123628668,0.330722129018127,0.674691398257045,0.695528425990658,0.718649500213935,0.178068326937496,0.176179013453529,0.169107752406712,0.222680438161588,0.206535192324451,0.232012089764072,0.0216564357817039,0.0264111294194515,10000,0.247735760414208,0.24075862523604,0.239956620421219,0.525056275061473,0.5034761021585,0.485242992842098,0.155323178637478,0.159185707333467,0.155312284142537,0.331750476698923,0.292808473414685,0.351872471940924,0.185332266162117,0.22214008449149,0.219098567889466,0.397546811837115,0.393976448161827,0.413540037140748,0.804723060079374,0.809867958869753,0.799756216718228,0.309708273374906,0.301142918673538,0.312506439021653,0.37496640409923,0.367795251297604,0.383336963098296,0.305207581669822,0.320912687049172,0.303777663296393,0.166697820092089,0.203586655672034,0.216112694205588,0.493884391020885,0.492176222024523,0.486478299201492,0.187374514572344,0.173820693996985,0.174053596290074,0.102835611055371,0.0898391439178245,0.0654325340914282
0.349515321057266,0.350383826314683,0.340125772428471,0.533207266401876,0.552246552605156,0.573666456759824,0.307420013269728,0.305402547135939,0.288388964260471,0.124502396076461,0.127376712343817,0.128172561249275,0.255653877081097,0.266135832185854,0.247735760414208,10000,0.0237296237537146,0.0533318674804052,0.297245490980961,0.275504016053767,0.254435901153373,0.243139197773106,0.243684833906702,0.256021565450477,0.138803408347922,0.124071818586562,0.158755299676427,0.117855024230397,0.0805167982516138,0.0689418893775502,0.356851130778396,0.363513441357931,0.373206776271107,1.01818096024198,1.02637722773068,1.01614997843911,0.16266235120815,0.163203449076451,0.175194644855694,0.202352696121722,0.19118333816722,0.203058950897689,0.10924500487669,0.125402159707204,0.101677312793816,0.0896946812600738,0.0768329926935685,0.0652589915845938,0.272337455863891,0.265208518571736,0.258658717758534,0.33788248860209,0.325562051965228,0.325195446122336,0.20445269929867,0.193123396414009,0.224703579944153
0.341272814945435,0.343157358278857,0.332763493370504,0.531927974301422,0.550808048170467,0.571864731908143,0.305015718750428,0.303703552478602,0.286069801687303,0.114891150630756,0.118811399910573,0.120221490608698,0.249360045357237,0.25962929328918,0.24075862523604,0.0237296237537146,10000,0.0616745332182559,0.29912104466059,0.276231999047184,0.255502748976489,0.243144266424354,0.243012666063176,0.255473777477336,0.140478364648272,0.122352494601082,0.162043585988929,0.125605646394521,0.0944657417370944,0.0786736952721616,0.351737219721547,0.358556541429675,0.367525376012952,1.01425481868426,1.02216617181728,1.01186659215292,0.152169634181399,0.151501194365111,0.162742886934877,0.194020711205501,0.182993644264848,0.196080956939327,0.104073274788582,0.118695378241142,0.0956210495675573,0.0803959983560275,0.076130228974715,0.0627885222068565,0.274502726802612,0.267234940399513,0.262665550883177,0.336779677432273,0.324472313061464,0.323229511237297,0.197105614786052,0.187362572867013,0.218412541481285
0.369698721026483,0.375516431253151,0.36204503084751,0.566823217878093,0.585469288342374,0.607673869885557,0.287192197498581,0.283896116931327,0.267220959673447,0.152476116751983,0.155263904341891,0.16010793699752,0.248402914938703,0.258894913917585,0.239956620421219,0.0533318674804052,0.0616745332182559,10000,0.329728338072427,0.302237384871468,0.282558941492501,0.219784378409432,0.220456337855241,0.233485473533263,0.179589808518646,0.164345861213208,0.203532426836652,0.106123094480195,0.0884901429065123,0.091350132867517,0.382493938593106,0.389304422267034,0.401631279314641,0.990832790572901,1.00039677522832,0.989900217318524,0.175102990762989,0.174846558442722,0.184810929175416,0.236507004944665,0.225612377987248,0.238158353060228,0.143393276294776,0.161523485139684,0.135125700756768,0.101432788407608,0.0769379611585674,0.0799404421914734,0.302213090091456,0.293525598141206,0.282969115652785,0.318813468576824,0.307753270472454,0.306187079858198,0.192395729495548,0.179372539231257,0.208225106908744
0.43334279705777,0.446056582609815,0.469197031005835,0.397910803256021,0.408876025606699,0.420502147595522,0.587875062716324,0.586979838192887,0.569216558973548,0.328230904412177,0.342301068750968,0.32104765347165,0.534875288045437,0.544651513066018,0.525056275061473,0.297245490980961,0.29912104466059,0.329728338072427,10000,0.0565086046155004,0.0579387541070155,0.526407052361999,0.528515892125046,0.53986020821122,0.219899432437102,0.252233871930452,0.204854581798684,0.396840738133888,0.349408185949136,0.33574524147793,0.424876040080811,0.43939799430229,0.429748866195907,1.30225207614744,1.30973016552542,1.29932398099215,0.283728384661472,0.292902531558954,0.293681527515313,0.218453884536807,0.216927610454729,0.205969030125214,0.238729814331513,0.225877873349671,0.237432170312658,0.365159575408389,0.35317830070895,0.333293045175775,0.0679308408295763,0.067113296849471,0.0921620077340751,0.616355150257013,0.60405178027717,0.604299868294748,0.489546624411611,0.482049877762904,0.512683773306188
0.417795337576646,0.435298005418464,0.456799805351769,0.40857814827734,0.419540886112289,0.432715528571483,0.566860096459447,0.565595912995915,0.547585642650419,0.309527784312289,0.324852670786027,0.304412409347177,0.514340215056001,0.524181405332934,0.5034761021585,0.275504016053767,0.276231999047184,0.302237384871468,0.0565086046155004,10000,0.0357904786446038,0.504072160500705,0.506092063572621,0.517864997056155,0.2068731329568,0.237163012545044,0.200525263608537,0.374184131671174,0.330433812327909,0.317574897078393,0.415316551727454,0.430704285546531,0.422844722288121,1.27690098758364,1.28509557212421,1.2744180917161,0.255316253850794,0.264327297310373,0.263068991270835,0.200149833472663,0.197976614260872,0.188995281175882,0.21629885983329,0.204687793520599,0.21361551850629,0.344155391524004,0.331810491222735,0.313075449352825,0.0675575564116935,0.0605776189164027,0.0792958536747358,0.595869063581639,0.583985312422114,0.583254469328469,0.467062022530331,0.4594651925308,0.488774508270445
0.416172507176092,0.432794624247967,0.451755939817255,0.423439734117868,0.435463646903912,0.449253425390622,0.544053849197297,0.543050443744475,0.525016813961814,0.293335166890155,0.308255055991767,0.288450825034266,0.49551912262204,0.505454431428856,0.485242992842098,0.254435901153373,0.255502748976489,0.282558941492501,0.0579387541070155,0.0357904786446038,10000,0.482342576063559,0.484074180594403,0.495881440448573,0.195266926403054,0.223938445234035,0.187892167167152,0.356512808622146,0.311273673773179,0.298303867188517,0.414984906342495,0.429879912913877,0.423130543346587,1.25604793898631,1.26421550293767,1.25363546670368,0.238203625198862,0.247459833004164,0.247389763327438,0.193155577278683,0.189568619353173,0.182119293200089,0.201043179804336,0.189804906374375,0.197599502700806,0.324163625470932,0.309570304256204,0.290693300621629,0.0655479927236259,0.0483691358556324,0.0665125736108868,0.574483031984883,0.562680889349357,0.561877085579522,0.446173075441277,0.43882565877418,0.469051515835201
0.507207435636754,0.492002670269934,0.458314273515715,0.753861945746996,0.774131397547476,0.796806284379286,0.0778565693015468,0.0714862505460277,0.0600353168926817,0.28950739841619,0.276371119149569,0.299086990807983,0.145997660003986,0.152760135896005,0.155323178637478,0.243139197773106,0.243144266424354,0.219784378409432,0.526407052361999,0.504072160500705,0.482342576063559,10000,0.022547382481748,0.0165490048584107,0.360948463393605,0.334785047390824,0.378914849820365,0.19830153375838,0.219541698776271,0.229647261050116,0.511950210463915,0.511373508914131,0.529335584855494,0.786306191238742,0.794737384562013,0.784769049469766,0.344458358865656,0.338731546630783,0.349594308283554,0.42741555187947,0.417484933984995,0.432232573455361,0.33947649896058,0.356582400891732,0.333179054366344,0.187712841693398,0.17669121220275,0.197295452468882,0.502047947251322,0.491970087862551,0.481907042758463,0.108993866106858,0.101790400206122,0.0984835658908938,0.0995971896192653,0.0981957135580494,0.108980287281663
0.504116971091163,0.492998060914536,0.459752599221526,0.756173786647262,0.776427623758442,0.798908595948971,0.0754749675580051,0.0714211368073657,0.0582779674280502,0.291108885911295,0.278574710958711,0.300986039980668,0.149408455137876,0.155911192444212,0.159185707333467,0.243684833906702,0.243012666063176,0.220456337855241,0.528515892125046,0.506092063572621,0.484074180594403,0.022547382481748,10000,0.0216591841652224,0.36377068920153,0.338465953756594,0.382134324164718,0.199544137415491,0.220969971626808,0.230814322640664,0.515207175300579,0.51466516243928,0.532365028203453,0.786011812276023,0.794557375098595,0.784667775609223,0.346199784066569,0.340404090628428,0.35084859610783,0.427350702390796,0.41731855986735,0.432241148358711,0.340389844670826,0.356835605661509,0.333913812173221,0.18953331533529,0.178647967362526,0.199066160283995,0.505602265171392,0.494858871242137,0.485539636122458,0.111317942393252,0.105302394701704,0.0999198150369894,0.0930759892470469,0.0958858591198218,0.108483661318031
0.514021079876616,0.49872154868205,0.464102814837858,0.76499073668925,0.785362734392226,0.807998703303444,0.0630377210751998,0.0569754293107237,0.0464794365900055,0.299237088595089,0.285799899972415,0.308911393630479,0.144484017958078,0.15036383450983,0.155312284142537,0.256021565450477,0.255473777477336,0.233485473533263,0.53986020821122,0.517864997056155,0.495881440448573,0.0165490048584107,0.0216591841652224,10000,0.373633714756887,0.346932022154039,0.391439746733969,0.209602925293782,0.231947052715285,0.241514530256819,0.520038794883974,0.519088931972485,0.5371987874383,0.772587496955317,0.780849737226898,0.770950979097015,0.355245879919919,0.349266091998927,0.360053031701159,0.438497021333813,0.428625143195048,0.443551002417302,0.351573782358808,0.368376919877786,0.345411556044983,0.198492686283191,0.18947005112369,0.209760114348665,0.515805062109994,0.505649252236667,0.495937082114402,0.096806951418859,0.0904154161641234,0.0859216556363646,0.100994127647578,0.102177233306422,0.109637299408849
0.305520332875651,0.29409115376743,0.300475476093294,0.417180954686656,0.43606837993899,0.456588987226804,0.423682310773572,0.421495682805245,0.40533643715031,0.146053162978257,0.155213147413112,0.135908134230167,0.341749135600042,0.350820087715675,0.331750476698923,0.138803408347922,0.140478364648272,0.179589808518646,0.219899432437102,0.2068731329568,0.195266926403054,0.360948463393605,0.36377068920153,0.373633714756887,10000,0.0489390010716164,0.0386026122527212,0.208998259946149,0.168992129217983,0.15049590597282,0.291416300860437,0.299433893093723,0.30185758439272,1.12731502818404,1.13374633940462,1.12354958044445,0.19494460071702,0.198510379057756,0.207824963228764,0.136116889973555,0.128931467158669,0.131187802686315,0.0931756353225068,0.0930731072547196,0.0960003558387811,0.190776037598763,0.200844057683762,0.182866566037445,0.199930005917124,0.206223566924654,0.209018817819792,0.444652055036521,0.430572233339921,0.432858161793191,0.314422455172218,0.302847423721879,0.329992653855819
0.29139282136201,0.270897957592638,0.271097111223869,0.429989666017335,0.449528036231045,0.470978624227259,0.395411673587808,0.393270569313778,0.377374598114474,0.104413000925675,0.11287546721372,0.0943044731340124,0.30402581356264,0.312834734402956,0.292808473414685,0.124071818586562,0.122352494601082,0.164345861213208,0.252233871930452,0.237163012545044,0.223938445234035,0.334785047390824,0.338465953756594,0.346932022154039,0.0489390010716164,10000,0.0714825461918556,0.185987325533028,0.153776842688417,0.131652540585889,0.268647071531221,0.276168454844536,0.281124764924548,1.09127156458415,1.09740595849541,1.08711846771904,0.16818648895977,0.169761829521005,0.1811457782277,0.134107302709718,0.126819202090332,0.133905175645071,0.0791790474342492,0.0854028362047397,0.0837491828727626,0.158893735267829,0.178919596670877,0.162033497717169,0.223842054248689,0.23040830170982,0.231077835495453,0.417162863331021,0.402637844900141,0.404721052859807,0.283852454580236,0.270828881708939,0.295156369521979
0.323353226847725,0.306318851184438,0.314644873759954,0.409152476608844,0.42813480761286,0.447815128834639,0.440539424123579,0.438682973925994,0.422804283045518,0.165877752535601,0.172771674139033,0.153741705059749,0.360719909470933,0.369864638266062,0.351872471940924,0.158755299676427,0.162043585988929,0.203532426836652,0.204854581798684,0.200525263608537,0.187892167167152,0.378914849820365,0.382134324164718,0.391439746733969,0.0386026122527212,0.0714825461918556,10000,0.231853808156795,0.187282255250368,0.168657663667713,0.299423649835803,0.307207671699237,0.307517382298888,1.14673987953509,1.15262069309127,1.1426308936935,0.211643186679327,0.216053001019093,0.226203786935422,0.146749122520679,0.140460338971327,0.139692163419242,0.115367989956291,0.112652738434118,0.118964403372425,0.209771550043095,0.217505467888692,0.1980705265781,0.187506734293061,0.195064303483737,0.199786910489128,0.461518723369403,0.447259983807269,0.450269765894925,0.33442872617556,0.323310324047842,0.351686958499844
0.348648321924633,0.3400616428129,0.316979796230476,0.576316633120363,0.596789562304985,0.620784023836979,0.265116344168032,0.2599527024514,0.247732830224573,0.149313669499365,0.142274690454877,0.154410410906009,0.192863140195559,0.202334801869443,0.185332266162117,0.117855024230397,0.125605646394521,0.106123094480195,0.396840738133888,0.374184131671174,0.356512808622146,0.19830153375838,0.199544137415491,0.209602925293782,0.208998259946149,0.185987325533028,0.231853808156795,10000,0.0590088156699608,0.0727826016779903,0.354988153310404,0.356817602126025,0.374778028318927,0.946847456731607,0.955293451842018,0.945259011748517,0.233347459830831,0.230973736744845,0.243830323560688,0.27520306189537,0.265719402470629,0.278126385629721,0.188300502623996,0.20757162075933,0.186692139666826,0.111879941293085,0.123092104382452,0.131124998605941,0.369127223436088,0.366775063479243,0.356843256197184,0.279459756634661,0.266501262109978,0.268598738631258,0.166802430522605,0.14730143224094,0.168241508574186
0.357504633742608,0.349051063580049,0.332427432318386,0.555435484749,0.575689326249638,0.598593828814647,0.287489011579499,0.283430379529349,0.26973424928366,0.143250754928333,0.137600972041196,0.144315710062742,0.227853159721193,0.23806147463603,0.22214008449149,0.0805167982516138,0.0944657417370944,0.0884901429065123,0.349408185949136,0.330433812327909,0.311273673773179,0.219541698776271,0.220969971626808,0.231947052715285,0.168992129217983,0.153776842688417,0.187282255250368,0.0590088156699608,10000,0.0292387588389335,0.359813710423554,0.362943296980269,0.37715356801841,0.987969918146856,0.995932205531806,0.986076367138872,0.220717967449959,0.220433720486057,0.234044187405848,0.25058715055306,0.240280706177945,0.251065849808938,0.160774775134397,0.178490063823672,0.158138830368183,0.105538929738026,0.102647970093377,0.102591280004508,0.326027977501898,0.322310888393021,0.313471516772611,0.304781715300921,0.291741890463698,0.294296055273872,0.190444725274713,0.175082797206852,0.204188413511558
0.340880384357299,0.330397625804523,0.314858610152066,0.537909604968809,0.558209541447009,0.580712936916404,0.294751572035167,0.291656495951392,0.277167206846724,0.1192700375023,0.113635445155509,0.119525263057801,0.225786705555294,0.235920362780577,0.219098567889466,0.0689418893775502,0.0786736952721616,0.091350132867517,0.33574524147793,0.317574897078393,0.298303867188517,0.229647261050116,0.230814322640664,0.241514530256819,0.15049590597282,0.131652540585889,0.168657663667713,0.0727826016779903,0.0292387588389335,10000,0.341501264446845,0.344988986496749,0.357837543957689,0.996743189668991,1.00407661145038,0.994200836925316,0.202879100987199,0.20225297822615,0.216160813238182,0.228299945140017,0.218081919356526,0.229356536943061,0.140759608396865,0.157430006338529,0.138627219922928,0.0913594826007068,0.0985958068573908,0.0933842019685176,0.312104849545139,0.309107099064602,0.302425805288654,0.313983040302842,0.300455509148635,0.302532210282863,0.189990618528121,0.175832016755582,0.205210686074353
0.164309921890989,0.0747679623810906,0.103827577333601,0.318112696854261,0.338316322936494,0.362422604501113,0.560276937382411,0.558101517966347,0.546193051000813,0.25404786391534,0.260404089119181,0.246374348445631,0.413301807858042,0.416573778201282,0.397546811837115,0.356851130778396,0.351737219721547,0.382493938593106,0.424876040080811,0.415316551727454,0.414984906342495,0.511950210463915,0.515207175300579,0.520038794883974,0.291416300860437,0.268647071531221,0.299423649835803,0.354988153310404,0.359813710423554,0.341501264446845,10000,0.0225592650668379,0.0323643924313077,1.16032635812314,1.16409934026092,1.1540055323145,0.317317328408529,0.315591064364908,0.321262832755098,0.245738382527314,0.251778506416939,0.252138594321561,0.2788452385943,0.278252773274778,0.291156695454873,0.354338823402504,0.401055758492321,0.390870194526069,0.388059572102467,0.410343285826358,0.415030059849851,0.572462538014231,0.556978554911331,0.560107476992378,0.442456293678245,0.426593367476592,0.429300850492049
0.168754577039962,0.0673871795008625,0.092620445196374,0.329756530006885,0.35015378906611,0.374033501513987,0.558581838689831,0.556387845228409,0.544972826002633,0.259864064523816,0.264678744416561,0.251963638559523,0.409221166674642,0.412085905075063,0.393976448161827,0.363513441357931,0.358556541429675,0.389304422267034,0.43939799430229,0.430704285546531,0.429879912913877,0.511373508914131,0.51466516243928,0.519088931972485,0.299433893093723,0.276168454844536,0.307207671699237,0.356817602126025,0.362943296980269,0.344988986496749,0.0225592650668379,10000,0.0322610977082115,1.15279927676092,1.15619270594472,1.14622703580288,0.331342645944556,0.329236774140356,0.335558126244349,0.260592158679778,0.266211790639079,0.266939836348942,0.28975134248246,0.289741406979907,0.302004462378794,0.357688866347455,0.405715881001139,0.395995463874203,0.403738887912988,0.425867769554176,0.430629658655787,0.568860593355764,0.553302671999379,0.55690103177499,0.441997754782879,0.426156524630024,0.428051810849708
0.169699542186485,0.0770411115910785,0.11233666015538,0.306999299620772,0.327119467009948,0.34995549066452,0.576481264099213,0.574749587374964,0.562729882119722,0.270758333730544,0.276503255931424,0.262219615069314,0.428619221736446,0.431700086504596,0.413540037140748,0.373206776271107,0.367525376012952,0.401631279314641,0.429748866195907,0.422844722288121,0.423130543346587,0.529335584855494,0.532365028203453,0.5371987874383,0.30185758439272,0.281124764924548,0.307517382298888,0.374778028318927,0.37715356801841,0.357837543957689,0.0323643924313077,0.0322610977082115,10000,1.17638571276811,1.17946070975238,1.16952788240852,0.335819031133161,0.334105876358387,0.33964614480316,0.255121143207566,0.261758158403574,0.261084900430599,0.293574269774367,0.29128416750645,0.305880118245967,0.369723075980648,0.417103215261429,0.405968245596239,0.396108233873812,0.419062897048826,0.425912600519251,0.587898036688675,0.572288225391246,0.575621950556207,0.457907809592599,0.443148361361017,0.446556784014042
1.15593712243932,1.12985893292438,1.07951893188521,1.46557342762081,1.48630038014784,1.51014525208038,0.723961621657407,0.724510785929059,0.741461217310778,1.01998325354993,1.00539113849215,1.03125273532665,0.793528015280197,0.78601480515009,0.804723060079374,1.01818096024198,1.01425481868426,0.990832790572901,1.30225207614744,1.27690098758364,1.25604793898631,0.786306191238742,0.786011812276023,0.772587496955317,1.12731502818404,1.09127156458415,1.14673987953509,0.946847456731607,0.987969918146856,0.996743189668991,1.16032635812314,1.15279927676092,1.17638571276811,10000,0.0330090979282205,0.0285518319583444,1.06752303018741,1.05844617769513,1.06542412187324,1.16855066810589,1.16103256209632,1.17783888361976,1.09622381749203,1.11266497557269,1.0922659337335,0.946759425663618,0.95347471810676,0.973091298229691,1.27119419787896,1.26242101541283,1.25113977859169,0.704180942126022,0.716213026083692,0.712549513360535,0.824594925155294,0.830945167413879,0.802506830250787
1.16149251807555,1.13324569985434,1.08269284227352,1.47023014108532,1.49102319806077,1.51465809038789,0.731588205527942,0.732421246450564,0.749396979403827,1.02606030220671,1.01106504995078,1.03705923209963,0.79840869766558,0.79070036921601,0.809867958869753,1.02637722773068,1.02216617181728,1.00039677522832,1.30973016552542,1.28509557212421,1.26421550293767,0.794737384562013,0.794557375098595,0.780849737226898,1.13374633940462,1.09740595849541,1.15262069309127,0.955293451842018,0.995932205531806,1.00407661145038,1.16409934026092,1.15619270594472,1.17946070975238,0.0330090979282205,10000,0.0146514173106039,1.07568597220566,1.06649158664778,1.07365472036736,1.17509424958286,1.16769206343954,1.18446348648563,1.10369438973265,1.1198905916493,1.0998986485876,0.953505802868945,0.961362043181487,0.980585256198256,1.27897330509664,1.27050726322114,1.25978200505018,0.710921991145049,0.722695809551752,0.719313485380812,0.83134404803416,0.837997056486526,0.809538345371662
1.15143199645271,1.12335383809213,1.07286133344215,1.46002433050134,1.48076259045984,1.50442825909139,0.721905830162337,0.722675833778042,0.739566069758387,1.01566978365103,1.00080344461484,1.02676987601198,0.788481502542092,0.780783745076998,0.799756216718228,1.01614997843911,1.01186659215292,0.989900217318524,1.29932398099215,1.2744180917161,1.25363546670368,0.784769049469766,0.784667775609223,0.770950979097015,1.12354958044445,1.08711846771904,1.1426308936935,0.945259011748517,0.986076367138872,0.994200836925316,1.1540055323145,1.14622703580288,1.16952788240852,0.0285518319583444,0.0146514173106039,10000,1.06467187514161,1.0554532609814,1.06252212338303,1.16458203979172,1.15720128769473,1.17399645089549,1.09323289318452,1.10945299239722,1.08939928310481,0.943338427238019,0.951210093326951,0.970473236664883,1.26832736924126,1.25986625140673,1.24906695508228,0.701562768620408,0.713321316640592,0.709807720331217,0.821417510321851,0.827955788884344,0.799342485995737
0.322599002127865,0.326607040469716,0.323875685059057,0.482101221305341,0.498763671972274,0.519243036842272,0.396797842937421,0.396156434278537,0.378959170143322,0.142434785275924,0.158347652410252,0.149971597989268,0.324570733066384,0.333134713135734,0.309708273374906,0.16266235120815,0.152169634181399,0.175102990762989,0.283728384661472,0.255316253850794,0.238203625198862,0.344458358865656,0.346199784066569,0.355245879919919,0.19494460071702,0.16818648895977,0.211643186679327,0.233347459830831,0.220717967449959,0.202879100987199,0.317317328408529,0.331342645944556,0.335819031133161,1.06752303018741,1.07568597220566,1.06467187514161,10000,0.012300544064278,0.0226233781444982,0.151823028763511,0.145283358317804,0.15896379913661,0.119680395656273,0.124607360935307,0.116932549092713,0.185845729330977,0.196361646814527,0.185595543057696,0.238930862539106,0.235625557538579,0.23014219456095,0.435447234630916,0.423479678536672,0.419646598016288,0.290754871223967,0.279892591564521,0.297523496003086
0.320388767743441,0.323448869586289,0.319415661358628,0.487176351257577,0.503936921398857,0.524456971461628,0.390148253860227,0.389631824026206,0.372437911321184,0.138135134212851,0.153741654692689,0.146663807594243,0.316216939162778,0.324621016254858,0.301142918673538,0.163203449076451,0.151501194365111,0.174846558442722,0.292902531558954,0.264327297310373,0.247459833004164,0.338731546630783,0.340404090628428,0.349266091998927,0.198510379057756,0.169761829521005,0.216053001019093,0.230973736744845,0.220433720486057,0.20225297822615,0.315591064364908,0.329236774140356,0.334105876358387,1.05844617769513,1.06649158664778,1.0554532609814,0.012300544064278,10000,0.0188845173782633,0.15584136352165,0.149467906379577,0.163823270373993,0.122995123685832,0.128306034758064,0.120198961533298,0.180898910974633,0.193809957629417,0.183578821807106,0.248638159886902,0.245440012498692,0.240467076845521,0.428789435150652,0.416832206954243,0.412808245675886,0.283498596998675,0.272840361851997,0.289650794588001
0.321645989875357,0.328829394363312,0.32623938217375,0.487223023314962,0.50342755704031,0.52358054913403,0.400312930133719,0.39995955178829,0.382553082360219,0.151802718072558,0.168051589537423,0.16058379626734,0.327868587682367,0.336117997313941,0.312506439021653,0.175194644855694,0.162742886934877,0.184810929175416,0.293681527515313,0.263068991270835,0.247389763327438,0.349594308283554,0.35084859610783,0.360053031701159,0.207824963228764,0.1811457782277,0.226203786935422,0.243830323560688,0.234044187405848,0.216160813238182,0.321262832755098,0.335558126244349,0.33964614480316,1.06542412187324,1.07365472036736,1.06252212338303,0.0226233781444982,0.0188845173782633,10000,0.156932467954174,0.15116103605758,0.165321943702057,0.131732473726637,0.135227168104877,0.128443941812756,0.193927177726985,0.206083541103359,0.196084720860462,0.249787788696232,0.246047358261886,0.241782423217332,0.439805486147989,0.428165260219084,0.423562354012139,0.293614729855554,0.283759605839809,0.299975075721459
