10000,0.0644746600350122,0.0827971539433458,0.152552168315676,0.164624524530886,0.170855919760946,0.203952943885017,0.198695952418737,0.196095147997202,0.0762658280817915,0.077731865838481,0.0773645518094499,0.182337456325833,0.185327687877576,0.171096978931906,0.107782165221858,0.104759924708871,0.111375585081875,0.196170943679931,0.198668796456521,0.19308472928468,0.174385601375808,0.172803270197359,0.174305587112688,0.125646172793194,0.132838095833495,0.128379610241315,0.128496311737553,0.122053961755481,0.121630719080618,0.0520145086543776,0.0633773125883581,0.0616305790932172,0.398410863287526,0.41012231263781,0.401585474119849,0.188889396047792,0.181819577131203,0.188485486461199,0.106894374481907,0.107809786879397,0.107852100357152,0.0939169036543477,0.0943121328147324,0.0982841336769685,0.119686097221173,0.122342503850363,0.120693144620587,0.201382671911419,0.206192179805767,0.215495440210602,0.212589153585732,0.203846592747029,0.200225588299676,0.166021204922291,0.158429406960358,0.172075990866282
0.0644746600350122,10000,0.0287179397298748,0.197490764257448,0.209732124475063,0.216124647802153,0.168561692184677,0.163860969496417,0.162574420337441,0.0798836661417943,0.080186859239187,0.0819574769326138,0.137762320341233,0.13894243943981,0.12708604891037,0.116126708529805,0.113235372498361,0.122060609997853,0.239284219144175,0.242469641698142,0.235196654556087,0.143913813902914,0.142871248621024,0.142587575359425,0.137452341690198,0.138591527799238,0.140348515994634,0.116935595326467,0.115931032538129,0.116599110073671,0.0455786764429149,0.0337924384504462,0.0381102864586253,0.350533464016771,0.361481598428271,0.353121759075196,0.232119422860507,0.225716163100588,0.232490497304929,0.145535612241536,0.144721027744954,0.146960996257928,0.120843531140984,0.123447450399301,0.126897039283526,0.102726683780462,0.117019252457302,0.117585527838603,0.246191303296559,0.251681408281521,0.261028812289801,0.174067424882911,0.166179387401222,0.16334885623401,0.138048503532094,0.130352993657833,0.141612299914777
0.0827971539433458,0.0287179397298748,10000,0.218361434811431,0.230619440272584,0.236674788841133,0.156307326651731,0.152092695338903,0.151554794591313,0.0920368392985088,0.0925017945416545,0.0943725812918794,0.121216199746457,0.122482863372465,0.111415406847364,0.126518348864032,0.123597736223861,0.131986204154424,0.257240045224339,0.260888409876295,0.253055902941299,0.134805010834292,0.133681413225639,0.132633560728643,0.148193079909872,0.146651635806164,0.150751857357,0.115150829906528,0.119424042125824,0.119801812224695,0.0640371235045596,0.0458660202300067,0.0527810936144598,0.330953542126289,0.341743901630402,0.333446023437632,0.251988300796796,0.245317450812209,0.252022440573892,0.164180460628598,0.163217186940853,0.165631092101429,0.136900921219577,0.140363102544032,0.142937989893431,0.103404476680747,0.120749741069666,0.123057373261556,0.265426508313123,0.271008503396702,0.280435044434098,0.159449648676804,0.152427085272897,0.149401923524851,0.129662283005099,0.122661962949267,0.132746377098992
0.152552168315676,0.197490764257448,0.218361434811431,10000,0.022028804580743,0.0306778505078194,0.327455604720772,0.322364922071246,0.318113660862134,0.175569688128009,0.175295224127802,0.170074109574218,0.31593695450232,0.320034949049136,0.30331050350366,0.185746940627075,0.185010851119061,0.187566122884339,0.120572032333679,0.124264820056455,0.124203551160801,0.298792553198002,0.297978184338314,0.299939177510033,0.175858484376406,0.186962072510065,0.174632257925487,0.234216296564405,0.216746706092506,0.214719214711141,0.162346450873111,0.183301816034852,0.177945401600052,0.538172439834548,0.549569113762926,0.540985251834697,0.101831008222524,0.100861135223816,0.101028747626049,0.104646203392416,0.107604315123236,0.103306522693616,0.143704479034894,0.136944384323239,0.142193997626461,0.228371857539135,0.21789625335386,0.210963981611413,0.108347320655889,0.117246730825223,0.120245253811629,0.344526342338354,0.335741031974175,0.331963944758192,0.281679419467919,0.273734492522597,0.286519343888334
0.164624524530886,0.209732124475063,0.230619440272584,0.022028804580743,10000,0.0234635832779135,0.338780110419511,0.333845185385683,0.329263259569191,0.187170563208352,0.186889685887037,0.181647874883083,0.327799780905485,0.332029010633168,0.315237071043241,0.195949091198009,0.195298150633632,0.197748410586236,0.120195563916942,0.123652813386707,0.124493997538595,0.309949737590296,0.309486974392267,0.311467877229707,0.184111126537158,0.194557197791328,0.182639057470105,0.244112517962434,0.226450755545295,0.2246209519095,0.174493906115799,0.195902006114658,0.189959123363293,0.550124856795242,0.561481387550593,0.552814967322002,0.100750942397457,0.100388733295277,0.0997260540201266,0.113654481753997,0.117431649944966,0.112122941695901,0.154257663222067,0.147648422440014,0.151952221228731,0.239646046904474,0.228605829346921,0.221748417244462,0.106406396857251,0.115474206111503,0.117145558859986,0.356303735606335,0.347523293228849,0.343625740894315,0.292050905786078,0.284493553433895,0.296721078872364
0.170855919760946,0.216124647802153,0.236674788841133,0.0306778505078194,0.0234635832779135,10000,0.342658907239308,0.337972532244624,0.333523857680725,0.192424587950082,0.191972349521667,0.186311538951091,0.332319072741063,0.337080421342754,0.319543932533321,0.199827685869906,0.198940365980073,0.201156105223753,0.11713147070218,0.120655859315623,0.121548390210635,0.314587449004862,0.313993481143279,0.316442394978655,0.186633841496432,0.196979366220225,0.184312746576182,0.248234579839344,0.230884053826148,0.227674033104373,0.180647511070772,0.201667905114971,0.195380389256953,0.555483582017062,0.56674324706402,0.558187461932529,0.101474696921427,0.0990116477449397,0.0986998590465146,0.115462809621473,0.118742746702506,0.1145705654158,0.156791545690214,0.150838706183923,0.155022469401378,0.243054994692726,0.231840576970647,0.224461437472697,0.104730092703861,0.113412850012097,0.11630443342087,0.360813052331073,0.352292765364144,0.348767841916806,0.295377922815434,0.288028510799104,0.300010939622337
0.203952943885017,0.168561692184677,0.156307326651731,0.327455604720772,0.338780110419511,0.342658907239308,10000,0.0164198887615388,0.0262734008999619,0.160320797629344,0.16016855281498,0.163768441929695,0.0573770452711909,0.063072094961791,0.0598855382697463,0.153919173213133,0.153261429627362,0.156299144847936,0.313915021602758,0.317021387386495,0.307333738271715,0.0549781108442407,0.0550653296400745,0.0528426513608884,0.180421043838107,0.175451161219628,0.183805129616898,0.120138590275548,0.132972288618126,0.134108245762282,0.192766499822953,0.179048362748576,0.182093457746067,0.235547824742915,0.247327650270015,0.23837693532187,0.323721224921318,0.316784931685555,0.323396519522152,0.239172307771217,0.235454774994702,0.24042182129658,0.19452007057101,0.20134960076873,0.198668539248594,0.104458883089644,0.120193260997759,0.127748761943605,0.330473840552641,0.333468125659173,0.344213068709423,0.0559365518457864,0.0572899487850512,0.0590455519316409,0.075903559309867,0.0772418308568648,0.0772040402461715
0.198695952418737,0.163860969496417,0.152092695338903,0.322364922071246,0.333845185385683,0.337972532244624,0.0164198887615388,10000,0.0234228547454294,0.154642909264798,0.154757013348199,0.158498549290171,0.056225232879495,0.0616866471782895,0.0581238623142316,0.148886676044862,0.148174200675045,0.151250935643225,0.309225055852931,0.312127605752569,0.3027871312076,0.0478193541436666,0.0476381468468225,0.0457625939037083,0.175843365817299,0.172290677215517,0.179817603105141,0.116332069535169,0.128735189721718,0.130207050308442,0.187953325304384,0.174378963432188,0.177681846741521,0.239141405755815,0.251070473821045,0.24200119156364,0.318931384240022,0.311778201660197,0.318626858947079,0.233954562628331,0.230496794284766,0.235190965993738,0.189493581571323,0.196422151254989,0.193521408055856,0.100018287505871,0.115104308563135,0.12303281670269,0.32528500148047,0.328055337381665,0.338806663027979,0.0540874193320501,0.0529898646277513,0.0542549065772256,0.0736280413318635,0.0750227571929787,0.0772436274483432
0.196095147997202,0.162574420337441,0.151554794591313,0.318113660862134,0.329263259569191,0.333523857680725,0.0262734008999619,0.0234228547454294,10000,0.151006548111271,0.150942976347848,0.15481761549878,0.0612967856423946,0.0670604127627741,0.0625347840948718,0.143915946184482,0.14297375949615,0.146527470645598,0.303641826041578,0.306722616415605,0.297123458227873,0.0476498584254712,0.0483371124720185,0.0482094693544527,0.168796487359184,0.164465840392849,0.172257651393424,0.109160034218671,0.121215904630534,0.123050512796377,0.185592917400395,0.173027097043141,0.175574612597551,0.246117443470128,0.258234396636077,0.248783090214775,0.313726478747101,0.30666060897469,0.313214018401116,0.229343300828854,0.225725323396914,0.230226785355828,0.185067286529537,0.191587628636893,0.188904152816721,0.0956343601276405,0.110085467501483,0.118588694576651,0.319801241585433,0.32284374022534,0.333545535350116,0.0611680043335475,0.0598431768128545,0.0595426959206067,0.0647222697369184,0.0675513487669277,0.0695883596642396
0.0762658280817915,0.0798836661417943,0.0920368392985088,0.175569688128009,0.187170563208352,0.192424587950082,0.160320797629344,0.154642909264798,0.151006548111271,10000,0.0193250107047645,0.0203198789091275,0.148804318486783,0.153218717618288,0.13717906997436,0.0549309719161003,0.0512186517923875,0.0626186266843361,0.184393637894337,0.188517894347611,0.180274196994877,0.12995645208479,0.129337167018465,0.130367040724867,0.0889181814886436,0.0986107136467835,0.0911758875214612,0.0912789510801132,0.0788967645490152,0.0772473816474435,0.0738014034351282,0.0794391833191235,0.0782445980897087,0.372709432220109,0.384561117986841,0.375841662224268,0.185402642442046,0.178333156142109,0.185020519718006,0.0957404715889525,0.0939674055265696,0.0964190252764051,0.0628375982786132,0.0671103172488264,0.0686768011864038,0.0708553346648162,0.0676772748733766,0.065970874774628,0.194986210625934,0.198232761850526,0.209538039477567,0.176899085607075,0.168038536552144,0.164506152637638,0.126466288516647,0.118949285274184,0.135118465399683
0.077731865838481,0.080186859239187,0.0925017945416545,0.175295224127802,0.186889685887037,0.191972349521667,0.16016855281498,0.154757013348199,0.150942976347848,0.0193250107047645,10000,0.0202447252654508,0.149252193078673,0.153391794356853,0.137427461023541,0.0539550404606462,0.04949628072783,0.0619736995554783,0.183802458939063,0.187481330395104,0.179029410600582,0.13031883604007,0.129791338942471,0.13076503332347,0.0873273577149801,0.0955976361827627,0.0886558745013544,0.0905445158477668,0.0766625574481792,0.0758609950216581,0.073596350716662,0.0799743962908941,0.0779301191044806,0.372523736892048,0.384332381840777,0.375522161151844,0.183539519781999,0.176322810203855,0.18307472806286,0.0947578815812912,0.0926886837840252,0.0955932858835929,0.0628125302183539,0.0664138022220596,0.06781699591395,0.0697227034311479,0.0674364123510502,0.0651721845610848,0.193660956548827,0.197823190162761,0.208418070865256,0.176998439772938,0.168387124722941,0.16489258414455,0.125062178434535,0.117418077262091,0.133391074156634
0.0773645518094499,0.0819574769326138,0.0943725812918794,0.170074109574218,0.181647874883083,0.186311538951091,0.163768441929695,0.158498549290171,0.15481761549878,0.0203198789091275,0.0202447252654508,10000,0.153103486539436,0.157720256099801,0.140685136025354,0.0530359392461936,0.0499536703614548,0.060379330953557,0.178458363331161,0.182978174278759,0.173915929781214,0.135878076930151,0.13511817738365,0.136263042633945,0.0833140029817562,0.0915003422883465,0.0843381980690765,0.0910566566606364,0.0770612649922213,0.0751585073440911,0.0738499814972671,0.0800390409017827,0.0779270305880106,0.377968549335571,0.389802792428938,0.381115450567906,0.179931121707384,0.173283619444106,0.179558352561199,0.0904777583125033,0.0872452210253336,0.0911691125725493,0.05840114858252,0.0621762656019912,0.0645273761140987,0.0720996965028081,0.0682267376648624,0.0650759638183241,0.189650602825363,0.193985575871917,0.204940140446669,0.181811960445978,0.173744174340399,0.17040245426251,0.127877864013869,0.119703295810634,0.134465740734316
0.182337456325833,0.137762320341233,0.121216199746457,0.31593695450232,0.327799780905485,0.332319072741063,0.0573770452711909,0.056225232879495,0.0612967856423946,0.148804318486783,0.149252193078673,0.153103486539436,10000,0.0201600462759285,0.0200616065514001,0.15779979058859,0.155988762021263,0.161766774393456,0.318931341513426,0.322734874551682,0.313369801913959,0.062548378073337,0.062783521665045,0.0578196736179736,0.186667734312955,0.181837637894736,0.189514237652851,0.122023981801795,0.136839655693709,0.136879480187514,0.167476826297206,0.149865920135763,0.154119471883783,0.232014997174166,0.243406309464858,0.23481907090019,0.324456943869834,0.317309360295566,0.324206763660351,0.234885328052937,0.232014799905941,0.236217473568086,0.193419753074361,0.200423554973393,0.198813417329,0.105350192144939,0.126883261300082,0.134668991776957,0.333703726449111,0.337297602115051,0.348212546572288,0.0580794875929982,0.0564866474817013,0.0566682697448705,0.0844894824123893,0.0837930962253991,0.0864724745902485
0.185327687877576,0.13894243943981,0.122482863372465,0.320034949049136,0.332029010633168,0.337080421342754,0.063072094961791,0.0616866471782895,0.0670604127627741,0.153218717618288,0.153391794356853,0.157720256099801,0.0201600462759285,10000,0.0274131657252619,0.163973421594253,0.161759004426689,0.167920881769883,0.324894161421949,0.328633467026487,0.31949844202241,0.0683661890186455,0.0674975653347213,0.0611481730432012,0.193693181437769,0.189531462932921,0.19648052362148,0.129948223566666,0.142902102596736,0.144317432267553,0.16988247539441,0.152174905451107,0.15642343264153,0.227640923891466,0.238990405871811,0.23046758082967,0.329426938288664,0.322577672180502,0.329517269515294,0.23990159539959,0.237167837669631,0.241274195149411,0.199112435936021,0.205333799672609,0.204346195719952,0.111971967878283,0.133453602495997,0.140888733571826,0.339153489083414,0.34271865140885,0.35364592731649,0.0574032077955712,0.0560542425525963,0.0561714944270412,0.0924346897916683,0.091328763950841,0.0943172659132038
0.171096978931906,0.12708604891037,0.111415406847364,0.30331050350366,0.315237071043241,0.319543932533321,0.0598855382697463,0.0581238623142316,0.0625347840948718,0.13717906997436,0.137427461023541,0.140685136025354,0.0200616065514001,0.0274131657252619,10000,0.14649562122272,0.144696934143201,0.149668758710441,0.306791775795785,0.310558006664461,0.300974545669356,0.0615762993488873,0.0610963074033072,0.0569139350069149,0.175229319622888,0.170314063981808,0.177839781835938,0.111745963274779,0.126350495220641,0.125677982653145,0.15575570488351,0.138705666499303,0.142763101679838,0.244166900409243,0.255654049623331,0.247308151782247,0.311949586131305,0.304873029831855,0.311734198485188,0.222329617291189,0.219263275121568,0.223823201193767,0.180889736762948,0.187932275615392,0.186665080453257,0.0940138191433681,0.115850918799313,0.123183705560581,0.321516170822547,0.325224579851049,0.336227920933978,0.0655027366700207,0.0630500171287563,0.0633479235520509,0.0786849752323826,0.0763044834910382,0.0794193357339323
0.107782165221858,0.116126708529805,0.126518348864032,0.185746940627075,0.195949091198009,0.199827685869906,0.153919173213133,0.148886676044862,0.143915946184482,0.0549309719161003,0.0539550404606462,0.0530359392461936,0.15779979058859,0.163973421594253,0.14649562122272,10000,0.0180272175673731,0.0244938936910063,0.167459052384302,0.171009671345195,0.160564376711684,0.12603780004831,0.125895233680512,0.129015316168145,0.0642752885403097,0.0756202733559168,0.0690282339448123,0.0821916442310208,0.0633899088953988,0.0623721534914979,0.109232290428575,0.114774520982463,0.112314499421958,0.379269127287622,0.39146020116995,0.382492935833252,0.17821710052743,0.17162899009869,0.177276128630246,0.0941079617176273,0.0893582591597158,0.0938833116387804,0.04856308700893,0.0558601913756332,0.0517478718312109,0.0592305173029056,0.0434740767368942,0.0393409489948832,0.181201918117692,0.184886843174602,0.195017402923205,0.177063777772257,0.169913689212319,0.166001014729496,0.116461228161124,0.109525749771513,0.124071691989504
0.104759924708871,0.113235372498361,0.123597736223861,0.185010851119061,0.195298150633632,0.198940365980073,0.153261429627362,0.148174200675045,0.14297375949615,0.0512186517923875,0.04949628072783,0.0499536703614548,0.155988762021263,0.161759004426689,0.144696934143201,0.0180272175673731,10000,0.0271303351841581,0.167496501857872,0.170986266990863,0.161226667568936,0.124479590855371,0.124306366658397,0.127042808226762,0.0646365469856651,0.076082283320323,0.0683399855424005,0.0814343973930145,0.0633848662011361,0.0621446909867727,0.105956676711385,0.111798573444191,0.108650150829142,0.378492206543427,0.390621495974612,0.381554432912691,0.178910115716083,0.17110662482332,0.177621856924463,0.0914386915649247,0.0881473265381913,0.0917800823461319,0.0478233234304188,0.0546573552370464,0.0502149590618742,0.057027343057096,0.0409120150403704,0.0354555243755842,0.181419390205002,0.18502980418837,0.195763207639952,0.175456174603338,0.167788627831889,0.163883978694402,0.11468374403144,0.108262966734986,0.123691132337306
0.111375585081875,0.122060609997853,0.131986204154424,0.187566122884339,0.197748410586236,0.201156105223753,0.156299144847936,0.151250935643225,0.146527470645598,0.0626186266843361,0.0619736995554783,0.060379330953557,0.161766774393456,0.167920881769883,0.149668758710441,0.0244938936910063,0.0271303351841581,10000,0.165636640203895,0.168026872997658,0.157436681256173,0.128140757269091,0.127496605373495,0.131362103192591,0.0630283792631764,0.0749007728279914,0.069304350359668,0.0786821953793744,0.0620036476052228,0.0613246367956268,0.114344693141642,0.120413097455109,0.118363545325312,0.381309630017428,0.393903118937612,0.384910691670908,0.178417573535922,0.171208239551587,0.17701420346967,0.0954481400025778,0.0915077177686932,0.0958089062027113,0.0496644371701705,0.0578580513185557,0.0519891357872757,0.0635487361829307,0.0460936220785455,0.042426185983224,0.179767570082381,0.183094514592238,0.19302829703095,0.178957142627417,0.172143019055699,0.168489366359595,0.118613009267983,0.111284737737853,0.124547177833176
0.196170943679931,0.239284219144175,0.257240045224339,0.120572032333679,0.120195563916942,0.11713147070218,0.313915021602758,0.309225055852931,0.303641826041578,0.184393637894337,0.183802458939063,0.178458363331161,0.318931341513426,0.324894161421949,0.306791775795785,0.167459052384302,0.167496501857872,0.165636640203895,10000,0.0346935804521656,0.0269389843223886,0.286270219455829,0.285987045038041,0.289409627412504,0.156423961049216,0.170505257746341,0.154776282476627,0.224141401749379,0.203605548680874,0.201400309250634,0.209240118979061,0.227900531590107,0.221746632611709,0.540840232454585,0.553041905928475,0.543943156853174,0.0764663715303716,0.0734875769912177,0.0718275700867529,0.101623052605584,0.101727065477982,0.099205617626036,0.132212134931611,0.126784819427015,0.126537433018189,0.218446897387024,0.197942163789229,0.190141919874675,0.0416366284896344,0.0472802984922308,0.0560033774576825,0.336750497006517,0.328721017684207,0.325185052389376,0.26962634315619,0.263400327822174,0.275468610967573
0.198668796456521,0.242469641698142,0.260888409876295,0.124264820056455,0.123652813386707,0.120655859315623,0.317021387386495,0.312127605752569,0.306722616415605,0.188517894347611,0.187481330395104,0.182978174278759,0.322734874551682,0.328633467026487,0.310558006664461,0.171009671345195,0.170986266990863,0.168026872997658,0.0346935804521656,10000,0.0333034465545453,0.288401883908528,0.288312199288434,0.292155011745377,0.159019829499532,0.173532868137764,0.158900546627595,0.226716472621704,0.206917961100813,0.204991747772647,0.212821143244948,0.232116664503171,0.225868207103499,0.543434050937965,0.555813628353465,0.546508062549982,0.0817416325338223,0.0765941190281745,0.0764755000833862,0.106902654098416,0.108925929158621,0.105195710925703,0.135886361386907,0.131523096527618,0.129695357268141,0.22163789114217,0.201864840435998,0.193912919474672,0.0420621252043987,0.0460475481950759,0.0512822242307961,0.3393741059994,0.331174370386197,0.3276114854603,0.273438712417572,0.26753370322958,0.279363326946613
0.19308472928468,0.235196654556087,0.253055902941299,0.124203551160801,0.124493997538595,0.121548390210635,0.307333738271715,0.3027871312076,0.297123458227873,0.180274196994877,0.179029410600582,0.173915929781214,0.313369801913959,0.31949844202241,0.300974545669356,0.160564376711684,0.161226667568936,0.157436681256173,0.0269389843223886,0.0333034465545453,10000,0.279676257560356,0.279542569141586,0.283487102397019,0.148807969494563,0.162306088931128,0.147785864542603,0.216151171240564,0.195758513963031,0.193671923577212,0.206423966743421,0.225133747705052,0.219037895264091,0.5342849778577,0.546671624165294,0.537464983317918,0.0786647096372664,0.0747805033660072,0.0732042898766523,0.0995829470417118,0.0993681865983688,0.097422264344507,0.126371162348907,0.121872397799966,0.120675561815852,0.212036900348193,0.192060556444276,0.184130526584273,0.0461327644327871,0.0529907772334008,0.0584498251594591,0.330475484346328,0.322750115931517,0.319293152080053,0.262860035458782,0.256607750595049,0.26782363763755
0.174385601375808,0.143913813902914,0.134805010834292,0.298792553198002,0.309949737590296,0.314587449004862,0.0549781108442407,0.0478193541436666,0.0476498584254712,0.12995645208479,0.13031883604007,0.135878076930151,0.062548378073337,0.0683661890186455,0.0615762993488873,0.12603780004831,0.124479590855371,0.128140757269091,0.286270219455829,0.288401883908528,0.279676257560356,10000,0.0181365124717864,0.0223025404151831,0.157057211973913,0.157983613950778,0.161579052371851,0.0979827555200142,0.107916386042187,0.1098941194317,0.16639694146407,0.154871186333414,0.157483842706229,0.2637933058059,0.276274227276082,0.266703414221724,0.297076286525339,0.288869232364827,0.296268062413736,0.210205737311864,0.207822674160307,0.211014862037749,0.165964646360174,0.173521701782569,0.169779180105272,0.0806154667885808,0.0941880921212537,0.103786718198338,0.300744238192307,0.302738754101086,0.31329762365683,0.061723274429796,0.0551551404459872,0.0525763246424837,0.0668018348640106,0.0674734468324713,0.0815949532154671
0.172803270197359,0.142871248621024,0.133681413225639,0.297978184338314,0.309486974392267,0.313993481143279,0.0550653296400745,0.0476381468468225,0.0483371124720185,0.129337167018465,0.129791338942471,0.13511817738365,0.062783521665045,0.0674975653347213,0.0610963074033072,0.125895233680512,0.124306366658397,0.127496605373495,0.285987045038041,0.288312199288434,0.279542569141586,0.0181365124717864,10000,0.0195612371124304,0.157102664629295,0.159146888898922,0.161728089253498,0.0986323889395324,0.107409848471456,0.109994825898212,0.165460105462536,0.153535289712853,0.156313351397019,0.264049734167765,0.276530792280729,0.267222783287286,0.296826610796004,0.28869291445115,0.295983916997678,0.209738745566549,0.207085746547379,0.210532334702529,0.165314825561857,0.172692532266931,0.169287154140744,0.0799953868659832,0.0937655528379447,0.103302845861332,0.300361297989625,0.30228105709841,0.31295738367942,0.0596408315479548,0.0536191630030338,0.050574416161812,0.0668814065185423,0.0660916641901064,0.082249659426635
0.174305587112688,0.142587575359425,0.132633560728643,0.299939177510033,0.311467877229707,0.316442394978655,0.0528426513608884,0.0457625939037083,0.0482094693544527,0.130367040724867,0.13076503332347,0.136263042633945,0.0578196736179736,0.0611481730432012,0.0569139350069149,0.129015316168145,0.127042808226762,0.131362103192591,0.289409627412504,0.292155011745377,0.283487102397019,0.0223025404151831,0.0195612371124304,10000,0.162128900250118,0.163381940615574,0.166448711094647,0.103574496152877,0.111565188238333,0.115235073116833,0.165774700774984,0.15316571672856,0.156163228472515,0.260131718100805,0.272325972914589,0.263108403477683,0.299337167325691,0.291697958269808,0.298874086267706,0.212402301622017,0.209601880377008,0.2130039249684,0.168572957080088,0.175424197656095,0.172387542447302,0.0826353397484312,0.0966339735731208,0.105927709170237,0.30370997494281,0.305979165157834,0.316580302365739,0.057176333274492,0.0508146400783258,0.0464026798002904,0.0709051607581253,0.0700083154243796,0.0853395771787035
0.125646172793194,0.137452341690198,0.148193079909872,0.175858484376406,0.184111126537158,0.186633841496432,0.180421043838107,0.175843365817299,0.168796487359184,0.0889181814886436,0.0873273577149801,0.0833140029817562,0.186667734312955,0.193693181437769,0.175229319622888,0.0642752885403097,0.0646365469856651,0.0630283792631764,0.156423961049216,0.159019829499532,0.148807969494563,0.157057211973913,0.157102664629295,0.162128900250118,10000,0.0376701951567035,0.0250814661011273,0.0881184811834756,0.0683616988164542,0.0641482720221071,0.124667003618921,0.132966218064947,0.128705537639299,0.404412560944982,0.416299329391998,0.406902540588636,0.173312164361936,0.164972706479591,0.170398044545584,0.0972709272347177,0.0932828518460348,0.0968949213135479,0.0687643112323631,0.0730803872050422,0.0682470885044822,0.0947498449620915,0.0807323129958797,0.0783457520386825,0.16907877045074,0.174339915187233,0.183228953497058,0.204649182673534,0.19828911773925,0.195043639592622,0.12895672239636,0.122392621462239,0.135402489581269
0.132838095833495,0.138591527799238,0.146651635806164,0.186962072510065,0.194557197791328,0.196979366220225,0.175451161219628,0.172290677215517,0.164465840392849,0.0986107136467835,0.0955976361827627,0.0915003422883465,0.181837637894736,0.189531462932921,0.170314063981808,0.0756202733559168,0.076082283320323,0.0749007728279914,0.170505257746341,0.173532868137764,0.162306088931128,0.157983613950778,0.159146888898922,0.163381940615574,0.0376701951567035,10000,0.0387023841662967,0.0812755257519015,0.0698179713938312,0.0638138744994776,0.128353135461027,0.135123921025777,0.130610387881924,0.396885507554174,0.408688613688012,0.399196158546842,0.185603570157038,0.17806297310012,0.182815613736398,0.112054653539047,0.10855061373263,0.112384103974169,0.0840932698478403,0.0882174514022355,0.0842196993748454,0.095428090720882,0.0868598852484582,0.084182449220175,0.18446599884608,0.192023860314851,0.199733729262509,0.203381106308523,0.198001950307065,0.194922907191002,0.123679715623566,0.117271982851453,0.124015919244829
0.128379610241315,0.140348515994634,0.150751857357,0.174632257925487,0.182639057470105,0.184312746576182,0.183805129616898,0.179817603105141,0.172257651393424,0.0911758875214612,0.0886558745013544,0.0843381980690765,0.189514237652851,0.19648052362148,0.177839781835938,0.0690282339448123,0.0683399855424005,0.069304350359668,0.154776282476627,0.158900546627595,0.147785864542603,0.161579052371851,0.161728089253498,0.166448711094647,0.0250814661011273,0.0387023841662967,10000,0.0939646886900164,0.0739910424880688,0.0667768444036783,0.125817617789072,0.134413894275421,0.129196796216119,0.407340808101077,0.419141288929575,0.409916394472331,0.171605409851367,0.162984394036924,0.168315501226534,0.096448103711686,0.0918955631808576,0.0961703697679476,0.0710264839414448,0.0749208219276776,0.0718122946954049,0.0981043493877976,0.0839696969028605,0.0813877809814188,0.167871976340352,0.173288904503879,0.18335024743018,0.208252864818471,0.201836850106913,0.199181392796204,0.13181724137324,0.125660747792033,0.138347380293724
0.128496311737553,0.116935595326467,0.115150829906528,0.234216296564405,0.244112517962434,0.248234579839344,0.120138590275548,0.116332069535169,0.109160034218671,0.0912789510801132,0.0905445158477668,0.0910566566606364,0.122023981801795,0.129948223566666,0.111745963274779,0.0821916442310208,0.0814343973930145,0.0786821953793744,0.224141401749379,0.226716472621704,0.216151171240564,0.0979827555200142,0.0986323889395324,0.103574496152877,0.0881184811834756,0.0812755257519015,0.0939646886900164,10000,0.0402988206490961,0.0396601667856537,0.126395790698585,0.122791048774998,0.123272833521124,0.334843447488058,0.347308859668522,0.33771806959528,0.237282967888872,0.229217165726728,0.235243888195603,0.15266610107444,0.149495257931118,0.152886812122958,0.112037426533421,0.118235383290061,0.114545273298623,0.0634429051024236,0.0678141608034695,0.0736655234096158,0.239442262339292,0.244354043358209,0.252958273072633,0.141096419037551,0.136940856497632,0.13315417669515,0.0716556762474828,0.0644766849585789,0.0744206661985098
0.122053961755481,0.115931032538129,0.119424042125824,0.216746706092506,0.226450755545295,0.230884053826148,0.132972288618126,0.128735189721718,0.121215904630534,0.0788967645490152,0.0766625574481792,0.0770612649922213,0.136839655693709,0.142902102596736,0.126350495220641,0.0633899088953988,0.0633848662011361,0.0620036476052228,0.203605548680874,0.206917961100813,0.195758513963031,0.107916386042187,0.107409848471456,0.111565188238333,0.0683616988164542,0.0698179713938312,0.0739910424880688,0.0402988206490961,10000,0.0285509693649313,0.120955159261994,0.120304408480802,0.119160782442779,0.35308219465937,0.365459829323224,0.355892813745924,0.217430124823406,0.210426894402036,0.215656456644277,0.134171898703756,0.129358709417844,0.133613350529031,0.0941368391655286,0.0990518901695668,0.09594835871028,0.0595727012373429,0.0572789582028942,0.0613081631852321,0.217782205849162,0.222620722715194,0.231349170418317,0.152843098753271,0.147749427939277,0.143759351096485,0.0815208304726601,0.0736239818826256,0.0893047392200241
0.121630719080618,0.116599110073671,0.119801812224695,0.214719214711141,0.2246209519095,0.227674033104373,0.134108245762282,0.130207050308442,0.123050512796377,0.0772473816474435,0.0758609950216581,0.0751585073440911,0.136879480187514,0.144317432267553,0.125677982653145,0.0623721534914979,0.0621446909867727,0.0613246367956268,0.201400309250634,0.204991747772647,0.193671923577212,0.1098941194317,0.109994825898212,0.115235073116833,0.0641482720221071,0.0638138744994776,0.0667768444036783,0.0396601667856537,0.0285509693649313,10000,0.119213149612759,0.118911306585087,0.11739784183759,0.354750632586118,0.367001075038484,0.3577842603301,0.215972975665509,0.207747705539379,0.21346303851047,0.130766401892315,0.126199357859074,0.130736444091933,0.0903192161770568,0.0976553711955732,0.0936300808821916,0.0583833337754568,0.0553114359131538,0.0592436491838816,0.216577421017171,0.220636529610336,0.230586685115789,0.155427325251191,0.150321500174884,0.147430368469506,0.0815453425818937,0.0735517151754938,0.0881025602261113
0.0520145086543776,0.0455786764429149,0.0640371235045596,0.162346450873111,0.174493906115799,0.180647511070772,0.192766499822953,0.187953325304384,0.185592917400395,0.0738014034351282,0.073596350716662,0.0738499814972671,0.167476826297206,0.16988247539441,0.15575570488351,0.109232290428575,0.105956676711385,0.114344693141642,0.209240118979061,0.212821143244948,0.206423966743421,0.16639694146407,0.165460105462536,0.165774700774984,0.124667003618921,0.128353135461027,0.125817617789072,0.126395790698585,0.120955159261994,0.119213149612759,10000,0.0286782598127631,0.0251940562119827,0.383288399481917,0.394232458818202,0.385838433444447,0.199678467045212,0.193329429625465,0.199969841234253,0.116004145522533,0.116452773465737,0.117329557057337,0.100204031792165,0.1015098507227,0.105626423911562,0.11129975071589,0.117942371019587,0.116627854348672,0.214060440316536,0.219870577906522,0.229145096072582,0.202263804942325,0.193519144961463,0.190652543842396,0.155743656535909,0.148249077666848,0.16055082314975
0.0633773125883581,0.0337924384504462,0.0458660202300067,0.183301816034852,0.195902006114658,0.201667905114971,0.179048362748576,0.174378963432188,0.173027097043141,0.0794391833191235,0.0799743962908941,0.0800390409017827,0.149865920135763,0.152174905451107,0.138705666499303,0.114774520982463,0.111798573444191,0.120413097455109,0.227900531590107,0.232116664503171,0.225133747705052,0.154871186333414,0.153535289712853,0.15316571672856,0.132966218064947,0.135123921025777,0.134413894275421,0.122791048774998,0.120304408480802,0.118911306585087,0.0286782598127631,10000,0.0192909241964776,0.364331966059142,0.375027397436295,0.366910287784727,0.220882311582711,0.214482343390184,0.221023192871488,0.134909541503328,0.133915439252528,0.136049685546975,0.113537734255638,0.116156733087996,0.120008407879938,0.106014760119165,0.116611591450318,0.116957444865021,0.234078998678348,0.239901293478383,0.249456194723388,0.186421712248154,0.178489209428633,0.17556474964672,0.145492926760255,0.137553289155419,0.149873651692569
0.0616305790932172,0.0381102864586253,0.0527810936144598,0.177945401600052,0.189959123363293,0.195380389256953,0.182093457746067,0.177681846741521,0.175574612597551,0.0782445980897087,0.0779301191044806,0.0779270305880106,0.154119471883783,0.15642343264153,0.142763101679838,0.112314499421958,0.108650150829142,0.118363545325312,0.221746632611709,0.225868207103499,0.219037895264091,0.157483842706229,0.156313351397019,0.156163228472515,0.128705537639299,0.130610387881924,0.129196796216119,0.123272833521124,0.119160782442779,0.11739784183759,0.0251940562119827,0.0192909241964776,10000,0.370338845876345,0.380983628286221,0.372639794138669,0.215276355764688,0.20855970635903,0.215399622807626,0.12843532961556,0.128091564407754,0.129860776925602,0.109016600046041,0.111629172165336,0.114943544096866,0.105510378641234,0.115447191592461,0.114951923765193,0.227880977923594,0.234009038873377,0.243727922908575,0.190278550929861,0.181989792859692,0.179163766740204,0.145521106854341,0.138357645998062,0.150587921224855
0.398410863287526,0.350533464016771,0.330953542126289,0.538172439834548,0.550124856795242,0.555483582017062,0.235547824742915,0.239141405755815,0.246117443470128,0.372709432220109,0.372523736892048,0.377968549335571,0.232014997174166,0.227640923891466,0.244166900409243,0.379269127287622,0.378492206543427,0.381309630017428,0.540840232454585,0.543434050937965,0.5342849778577,0.2637933058059,0.264049734167765,0.260131718100805,0.404412560944982,0.396885507554174,0.407340808101077,0.334843447488058,0.35308219465937,0.354750632586118,0.383288399481917,0.364331966059142,0.370338845876345,10000,0.0231893782436298,0.0201609770366187,0.539316556077412,0.532529482499721,0.539761872019332,0.45893545071933,0.456176846307588,0.460453367407704,0.416923010077799,0.423511245258028,0.421891845192229,0.328499939255181,0.347330293569064,0.355583696530623,0.554471345865744,0.557019885598806,0.567320468548566,0.214971932134488,0.222567102262092,0.226910317044783,0.286682643268672,0.291056794967698,0.283668487716262
0.41012231263781,0.361481598428271,0.341743901630402,0.549569113762926,0.561481387550593,0.56674324706402,0.247327650270015,0.251070473821045,0.258234396636077,0.384561117986841,0.384332381840777,0.389802792428938,0.243406309464858,0.238990405871811,0.255654049623331,0.39146020116995,0.390621495974612,0.393903118937612,0.553041905928475,0.555813628353465,0.546671624165294,0.276274227276082,0.276530792280729,0.272325972914589,0.416299329391998,0.408688613688012,0.419141288929575,0.347308859668522,0.365459829323224,0.367001075038484,0.394232458818202,0.375027397436295,0.380983628286221,0.0231893782436298,10000,0.0198975178202001,0.551324507509882,0.544494230364002,0.551749049422896,0.470755386577408,0.468002877660525,0.472400481324201,0.429102841635244,0.435495862293966,0.433980038437473,0.340568833309469,0.359490800912898,0.367620849696744,0.566682772462297,0.569338508262768,0.579697584665222,0.227031349648883,0.234824702938705,0.238915362346506,0.298187753471525,0.302697973534669,0.29522599337097
0.401585474119849,0.353121759075196,0.333446023437632,0.540985251834697,0.552814967322002,0.558187461932529,0.23837693532187,0.24200119156364,0.248783090214775,0.375841662224268,0.375522161151844,0.381115450567906,0.23481907090019,0.23046758082967,0.247308151782247,0.382492935833252,0.381554432912691,0.384910691670908,0.543943156853174,0.546508062549982,0.537464983317918,0.266703414221724,0.267222783287286,0.263108403477683,0.406902540588636,0.399196158546842,0.409916394472331,0.33771806959528,0.355892813745924,0.3577842603301,0.385838433444447,0.366910287784727,0.372639794138669,0.0201609770366187,0.0198975178202001,10000,0.542482468085197,0.535571251907267,0.542889828295245,0.461840837067535,0.459303828408376,0.463411366394351,0.420225733852128,0.426642248942818,0.424957168115457,0.331508317022664,0.350474032701914,0.358632695964099,0.557494783070859,0.560212725447431,0.570367699173343,0.217946877924378,0.225348003265,0.229453077787223,0.288503136500993,0.293371870994715,0.28596168859218
0.188889396047792,0.232119422860507,0.251988300796796,0.101831008222524,0.100750942397457,0.101474696921427,0.323721224921318,0.318931384240022,0.313726478747101,0.185402642442046,0.183539519781999,0.179931121707384,0.324456943869834,0.329426938288664,0.311949586131305,0.17821710052743,0.178910115716083,0.178417573535922,0.0764663715303716,0.0817416325338223,0.0786647096372664,0.297076286525339,0.296826610796004,0.299337167325691,0.173312164361936,0.185603570157038,0.171605409851367,0.237282967888872,0.217430124823406,0.215972975665509,0.199678467045212,0.220882311582711,0.215276355764688,0.539316556077412,0.551324507509882,0.542482468085197,10000,0.0292385245133302,0.0192215399068323,0.104268295692054,0.10527601006023,0.102369703433384,0.140918422612472,0.133847970765283,0.13672885189787,0.228987824518338,0.211678936096191,0.204077282006945,0.0679034406132141,0.0736405913595073,0.0764723568974123,0.346286284873891,0.337436218787791,0.334029129855629,0.281948010227306,0.275411629463976,0.286239617759298
0.181819577131203,0.225716163100588,0.245317450812209,0.100861135223816,0.100388733295277,0.0990116477449397,0.316784931685555,0.311778201660197,0.30666060897469,0.178333156142109,0.176322810203855,0.173283619444106,0.317309360295566,0.322577672180502,0.304873029831855,0.17162899009869,0.17110662482332,0.171208239551587,0.0734875769912177,0.0765941190281745,0.0747805033660072,0.288869232364827,0.28869291445115,0.291697958269808,0.164972706479591,0.17806297310012,0.162984394036924,0.229217165726728,0.210426894402036,0.207747705539379,0.193329429625465,0.214482343390184,0.20855970635903,0.532529482499721,0.544494230364002,0.535571251907267,0.0292385245133302,10000,0.0210011532544982,0.094869662937816,0.0986153577001675,0.0941690919946161,0.132936920429063,0.1271691407952,0.128409762860444,0.221355000403049,0.204290212933578,0.196290446570973,0.0654776447732481,0.0681822506389555,0.0745718289458675,0.338466428390468,0.329343215613441,0.326120977153017,0.273509743246536,0.267535506131354,0.279310709697806
0.188485486461199,0.232490497304929,0.252022440573892,0.101028747626049,0.0997260540201266,0.0986998590465146,0.323396519522152,0.318626858947079,0.313214018401116,0.185020519718006,0.18307472806286,0.179558352561199,0.324206763660351,0.329517269515294,0.311734198485188,0.177276128630246,0.177621856924463,0.17701420346967,0.0718275700867529,0.0764755000833862,0.0732042898766523,0.296268062413736,0.295983916997678,0.298874086267706,0.170398044545584,0.182815613736398,0.168315501226534,0.235243888195603,0.215656456644277,0.21346303851047,0.199969841234253,0.221023192871488,0.215399622807626,0.539761872019332,0.551749049422896,0.542889828295245,0.0192215399068323,0.0210011532544982,10000,0.102054480724954,0.103475064302583,0.100297708916784,0.139472377524135,0.133041061425427,0.135051222372534,0.227991014827948,0.210784255861798,0.203032227982428,0.0628323150286015,0.0677485369249015,0.0717977072982082,0.345746034328984,0.33710269162538,0.333611432386266,0.280270954913712,0.273846670383192,0.285149357250053
