10000,1.5192182042,1.9919586972,3.8107588189,3.97292827279999,4.29540390750001,5.84715179670001,5.85387700249998,5.754828411,3.35346753749999,3.45242914909999,3.3275344554,4.32844383831,4.40265982471001,4.18555442808001,4.1876312555,4.18068884246,4.49209861173,5.2890439686,5.21990783949999,5.2149082661,5.5749827276,5.59368358819999,5.60073297699998,3.50391857051,3.53171080786001,3.6630507046,4.10956488760001,4.15519093029999,3.8902570626,1.93652992449999,2.0731465601,1.97065992529999,13.0961958851,13.0482900626,12.9622006293,4.39719343549999,4.3604285216,4.43082131259999,3.18704457259999,3.24813296569999,3.24406079679999,3.46700167669999,3.4829703567,3.63689926951,4.04505114192999,4.62365952629999,4.57911250141,5.24844564904,5.5187653776,5.55900345139999,6.22181544760002,6.09303588980001,6.04931746680001,4.5568769073,4.41870678459999,4.32895528399999
1.5192182042,10000,0.652384629399995,3.7642830055,3.999465669,4.3420689391,6.31147556610002,6.30854561190001,6.22039756040002,3.26203999890001,3.2556486173,3.11450185160001,4.32345348771001,4.31984407411001,4.18369221748001,4.6967811409,4.70686746786002,5.08437218313001,5.56972321980001,5.61623432710002,5.62312119370001,6.019037077,6.062874283,6.04549786640001,3.48364680411,3.38719372146001,3.45779723820002,4.4314792542,4.46860288890001,4.19063555980001,0.991613650300012,0.849943267899997,1.0184335679,12.9177337745,12.821704412,12.7356149787,4.5648487487,4.51273010100001,4.640635048,3.50548367220001,3.58093715970001,3.55165844400001,3.7898671581,3.78614951810001,3.98072541291002,4.47285625532999,5.18721194770001,5.08258181081001,5.37209699664,5.7202694452,5.81209411900001,6.32349617700001,6.1547926192,6.2063367362,5.09073027670002,4.879063594,4.72242717340001
1.9919586972,0.652384629399995,10000,4.3496217149,4.61863475839999,4.9876232685,6.0266777361,6.0274628819,5.97788001040001,3.1076035489,3.0985430673,2.9600654016,4.01495833771,4.00485046411001,3.86456256748001,4.54234469090001,4.55243101786001,4.92981307313001,5.7866164288,5.8220742733,5.78763261549999,5.768289747,5.81323921300001,5.79475053640002,3.59007350570999,3.30457841846002,3.6147363454,4.14930672480001,4.23257169950001,3.98808414980001,1.31119795430001,1.1622840159,1.4456340359,12.3311445245,12.211639022,12.1241030887,4.6130861847,4.56096753699999,4.68887248399998,3.5852415774,3.6336165961,3.648689877,3.79951993409999,3.8330979741,3.98264588891,4.31841980533,5.03277549770001,4.92814536081,5.53215107403999,5.81946619859999,5.89724921240002,6.00698886700002,5.8382853092,5.88982942620001,4.91549518670001,4.70835958400001,4.54890326339999
3.8107588189,3.7642830055,4.3496217149,10000,0.293194873299996,0.6600433136,8.92925087500001,8.97530836080002,8.7961255493,5.18228786780001,5.2706374062,5.0460222005,7.51453955661,7.58739306301001,7.40809760638,6.10031898980001,6.09452615676001,6.58595761203002,5.41802317850002,5.66464682460002,5.81261044940001,8.38425898589999,8.39641987190002,8.4808692753,4.81349243921002,4.76825015364,4.68216943470003,6.77092745970001,6.27810789440002,5.96211270870001,3.3631034506,3.524866665,3.1220279564,16.5104239034,16.4625180809,16.3764286476,5.77066638960001,5.78763441989999,5.8404784509,4.36944567310002,4.49304759060001,4.34573606090003,4.95063502700002,4.90508740900001,5.09258616181001,6.23355358423001,6.75854863660002,6.56125755971002,5.17306916534,5.6312438845,5.74160136950001,9.26657484589998,9.1066336281,9.10656728509999,7.4547555456,7.4029592429,7.63009016230001
3.97292827279999,3.999465669,4.61863475839999,0.293194873299996,10000,0.43060643010001,9.1410990991,9.18715658489999,9.0079737734,5.40676777190001,5.49121719029999,5.27050210460001,7.76215864071001,7.83501214710999,7.65571669047997,6.2760826339,6.25957120085999,6.76172125613003,5.4799399826,5.72656362870001,5.87452725350001,8.59610721000001,8.608268096,8.69271749940001,4.98202344331,4.96974481774,4.8472144788,7.02250180319997,6.5173055379,6.17466968220001,3.63143205409999,3.8078074885,3.38860941989999,16.7580429875,16.710137165,16.6240477317,5.8991418337,5.91796946399999,5.981899295,4.4681859172,4.5917878347,4.44447630500001,5.1081118311,5.0196620531,5.23579906591002,6.42226262833,6.93431228070001,6.72630260381002,5.23498596944,5.6931606886,5.8035181736,9.49517732999998,9.33523611220001,9.33516976919998,7.66288952970002,7.61480746700002,7.86095498639998
4.29540390750001,4.3420689391,4.9876232685,0.6600433136,0.43060643010001,10000,9.44174855899999,9.5121194448,9.30862323329997,5.75153645180001,5.84567357019998,5.61756876449999,8.11317846061,8.18603196700999,8.00673651038,6.4673938338,6.44038440075998,7.04276365603,5.56501068249999,5.81163432860001,5.9595979534,8.9225978699,8.92211535589999,9.02317435929999,5.16625110321,5.27039427764002,5.02359181870001,7.41306001329999,6.907863748,6.55505397229998,3.99954082419999,4.17168673860001,3.75248866999999,17.1090628074,17.0611569849,16.9750675516,6.13326505360001,6.16066248390001,6.22459231490002,4.5140881371,4.6376900546,4.49037852490001,5.29487437099999,5.146105453,5.41410338581001,6.68899628822999,7.12562348060001,6.91206000371002,5.32005666934,5.7782313885,5.9035520735,9.78051174989998,9.6244619321,9.61909378910002,7.96353898959999,7.9782773269,8.23442424629997
5.84715179670001,6.31147556610002,6.0266777361,8.92925087500001,9.1410990991,9.44174855899999,10000,0.187861586200011,0.235615821699999,3.93750524719998,3.8538817288,4.04527079449999,2.11300263839,2.17963541199,2.19641698862001,3.3728069452,3.41444137824,3.10417284297,6.4870240965,6.3016616384,6.0193519476,0.915563921100015,0.860476323100001,0.743530189699997,4.54630937579001,4.31387583136,4.86455774029999,3.0714950623,3.1478417224,3.2299554863,6.6612057364,6.70632872200002,6.83312382799999,8.16812104839999,8.18968018590001,8.11623841260003,4.85942661739999,4.78088180909998,4.9446525101,5.55457749189999,5.4490442864,5.6096136261,4.43892644000001,4.68202178599999,4.40470190118999,2.82585563076999,2.65481537839999,2.89814527528999,6.34518043765999,6.28997393649999,6.06386040349999,0.976279636900007,0.995980383100006,0.821660748100005,1.5388634134,1.6006113321,1.69349895070001
5.85387700249998,6.30854561190001,6.0274628819,8.97530836080002,9.18715658489999,9.5121194448,0.187861586200011,10000,0.265225423500003,3.978932493,3.8953089746,4.08669804029999,2.09071890418999,2.15053117778999,2.19725697441999,3.43230361100001,3.47395352404001,3.11631030877,6.57658403230002,6.38504173420001,6.10273204340002,0.812909314900008,0.841133572900004,0.651566405499998,4.62430592159002,4.39454684715999,4.94269762610002,2.9906748481,3.0994711482,3.20319739209999,6.6412267422,6.67600732780001,6.8301938738,8.09395940259998,8.1108833201,8.0397822468,4.88086787320001,4.80232306490001,4.97972476590001,5.63332236770002,5.52778916220001,5.68835850190001,4.5176713158,4.76076666180001,4.48344677699001,2.91302777657,2.7218313642,2.98139072109001,6.43011013346,6.37859535230001,6.14261025930002,0.933323481099999,0.942698821300004,0.781633644299999,1.60493640920001,1.6227693579,1.6659345065
5.754828411,6.22039756040002,5.97788001040001,8.7961255493,9.0079737734,9.30862323329997,0.235615821699999,0.265225423500003,10000,3.79480800149998,3.7111844831,3.90257354879999,2.07183707269,2.13846984629,2.15525142292,3.20903115950001,3.25066559254,2.92858095727,6.3297679688,6.12475799070001,5.8424482999,0.745825561400013,0.699085963400003,0.587657725999993,4.40119751009001,4.17019950366,4.73516981459999,2.9270063566,2.9795502167,3.0685466606,6.56504357069999,6.61016655630002,6.7420458223,8.29583771409999,8.32308427159999,8.24964249830001,4.67641724969999,4.5978724414,4.7616431424,5.39322358420001,5.27782805870001,5.43862119839999,4.27847368230001,4.51080555830002,4.23348567349,2.69861184507,2.4910395927,2.75139418959001,6.17835238996,6.1165149688,5.87806913579999,1.1614893246,1.1307080568,0.965144533799997,1.4034614037,1.4894741064,1.58975120700001
3.35346753749999,3.26203999890001,3.1076035489,5.18228786780001,5.40676777190001,5.75153645180001,3.93750524719998,3.978932493,3.79480800149998,10000,0.307176657599989,0.241246087300005,2.76339580400999,2.85102955641,2.60598259858,1.6960081412,1.65518093096,2.07904616223,3.8452862921,3.722345536,3.5017847532,3.44002918729999,3.45919905929999,3.53027820869999,1.78024196619,1.36665048696001,1.94467205310001,2.0752366747,1.80500453120001,1.44586081710001,3.43546182919999,3.5749551548,3.6581528808,11.3674602356,11.3481228931,11.2488351998,1.92610681799999,1.87357654609999,2.0358120731,2.17523736550001,2.07491588,2.2327007397,1.39854152160001,1.5312472096,1.46377618479,1.52508421643,2.0993384888,1.97004655191,3.59642268525999,3.70995478010001,3.6968789971,4.45189301809998,4.30917636029999,4.2618630773,2.6146326378,2.54446101509999,2.78038409449999
3.45242914909999,3.2556486173,3.0985430673,5.2706374062,5.49121719029999,5.84567357019998,3.8538817288,3.8953089746,3.7111844831,0.307176657599989,10000,0.310761552699997,2.57701597041001,2.67253387681001,2.44899602018,1.7492798036,1.73445835456,2.14662902583,3.9303274843,3.8732059482,3.5870612654,3.3375383397,3.3509349857,3.42406984910001,1.88748971839,1.46546583916001,2.0121038477,1.9459133465,1.70675529960001,1.36385794750001,3.46403100759999,3.5810464732,3.6835688192,11.2776260172,11.2297201947,11.1436307614,2.03123873359999,1.98599522169999,2.1446379487,2.3270229337,2.23106064819999,2.3844863079,1.60002703780001,1.73329304580001,1.64781602099,1.52840548003001,2.1019169104,1.99911776951,3.73065627745999,3.8370833123,3.8240075293,4.29039113970001,4.1476744819,4.1027820789,2.5823481794,2.4670085567,2.69481083610001
3.3275344554,3.11450185160001,2.9600654016,5.0460222005,5.27050210460001,5.61756876449999,4.04527079449999,4.08669804029999,3.90257354879999,0.241246087300005,0.310761552699997,10000,2.80239934850998,2.89546224251,2.66350688587998,1.76115193329999,1.74372150426,2.19178783153001,3.7704542796,3.6851591235,3.44470694270001,3.52927399179998,3.54303746379999,3.6195230132,1.71934849369,1.29732461446,1.7986214578,2.1456923992,1.84107655390001,1.4805426582,3.31430442189999,3.43447312750001,3.5369954735,11.4928900629,11.4507038204,11.3588948071,1.99760126010001,1.9503238082,2.14707910840001,2.09578110100001,2.00000845550001,2.14978323520001,1.4045938943,1.51845218230001,1.49513860451,1.63233542373,2.2089150361,2.07962309920999,3.55470229276,3.6710266476,3.6579508646,4.50768282539998,4.36496616759999,4.31765288459998,2.74340232509999,2.6467434024,2.88988412179999
4.32844383831,4.32345348771001,4.01495833771,7.51453955661,7.76215864071001,8.11317846061,2.11300263839,2.09071890418999,2.07183707269,2.76339580400999,2.57701597041001,2.80239934850998,10000,0.146536752400003,0.282497346230002,2.91125850080999,2.89820075384999,2.89468746258001,6.04773559411,5.79521883600999,5.64158488521001,1.88040396929,1.95259095529,1.89132480469001,3.5254287862,3.18247066897,3.84852830191,2.27814014390999,2.58454174400999,2.58219852791,4.66217683800999,4.70274810361,4.84510174960999,8.99588434678999,8.94797852429,8.86188909099,4.02692449500999,3.95804428670999,4.13680658770998,4.72386266951,4.62603840401001,4.76657480371,3.61670737760999,3.85546990361,3.6143110988,2.06721121437999,2.52889995600999,2.6456793809,5.78420215526998,5.86572489411,5.74901955711,2.06635266929,1.91781723149,1.95135958849,1.38540564499,1.18750218970999,0.879711097689995
4.40265982471001,4.31984407411001,4.00485046411001,7.58739306301001,7.83501214710999,8.18603196700999,2.17963541199,2.15053117778999,2.13846984629,2.85102955641,2.67253387681001,2.89546224251,0.146536752400003,10000,0.353385804630001,3.04085181321,3.01015038625,3.01979591498,6.15375180651001,5.90585664841,5.75222269761001,1.94599197089,2.02028738289,1.95902123229,3.61760645860001,3.27556276137001,3.95438694831,2.37809423030999,2.71382125041,2.71180007431001,4.67274756441,4.69264023001001,4.84866077600999,8.92823758039001,8.87512501789,8.78903558459002,4.11455824741,4.04567803911001,4.22444034010999,4.81149642191002,4.71367215641,4.85420855611,3.70896273001,3.94772525601,3.70656645120001,2.18727712678,2.65441223440999,2.76582979329999,5.89021836767,5.97174110651,5.87016061551,2.08910490288999,1.92631466509,2.00085266208999,1.47375790659,1.29591325011,0.954444745289992
4.18555442808001,4.18369221748001,3.86456256748001,7.40809760638,7.65571669047997,8.00673651038,2.19641698862001,2.19725697441999,2.15525142292,2.60598259858,2.44899602018,2.66350688587998,0.282497346230002,0.353385804630001,10000,2.88486965658,2.84210833761999,2.84990991434999,5.94231423788001,5.68220299977999,5.52741070898,2.00699011952,2.08128553151999,2.02001938092,3.46811966997,3.09506159274,3.84965087167999,2.22774165367999,2.56382429377999,2.54707779768,4.50722934778,4.55235233338002,4.70580707938,9.10232629702,9.05442047451998,8.96833104122002,3.85854689878,3.78966669047999,3.96842899147998,4.55548507328,4.45766080778,4.59819720747999,3.43979298138,3.68503782738,3.44288710256999,2.01042009814999,2.45748340577998,2.59321270466999,5.67856477903999,5.76008751787998,5.65626541087999,2.22702045952,2.09349776172,2.08960695872,1.41429696322,1.17559442348,0.878093549919992
4.1876312555,4.6967811409,4.54234469090001,6.10031898980001,6.2760826339,6.4673938338,3.3728069452,3.43230361100001,3.20903115950001,1.6960081412,1.7492798036,1.76115193329999,2.91125850080999,3.04085181321,2.88486965658,10000,0.310362570960007,0.780983542229993,3.44397933330001,3.15958027720001,2.9029039844,2.7915518041,2.7725008961,2.92608678549999,1.75233504539,1.71101946816,1.9848730151,1.6110063231,1.14539103920001,1.01003311109999,4.83388659119999,5.00969629679999,5.06044482279999,11.2356402536,11.2352001911,11.1359124978,2.36024826799999,2.39329097609999,2.4617296831,2.4723637487,2.35622760319999,2.4754977829,1.2874423568,1.5153434628,1.20529047799,1.03737657443001,0.860441886800006,0.777586949910006,3.32049406645999,3.2710828413,3.17680291830001,4.10988947610001,3.98803971830001,3.91844913530001,2.0605361358,2.0834117131,2.5329933725
4.18068884246,4.70686746786002,4.55243101786001,6.09452615676001,6.25957120085999,6.44038440075998,3.41444137824,3.47395352404001,3.25066559254,1.65518093096,1.73445835456,1.74372150426,2.89820075384999,3.01015038625,2.84210833761999,0.310362570960007,10000,0.895197731270004,3.37616028426001,3.05661584815999,2.83709275136,2.89280905714,2.87375814914001,3.02734403854,1.72614739235,1.70232459511999,2.02819140205999,1.71780207206,1.34659348816,1.17673816006,4.84397291816,5.01978262376002,5.07053114976,11.29140924664,11.30191098414,11.19168149084,2.23918538303998,2.22515943114,2.32424543814001,2.27801161565999,2.15274891015999,2.32269656985999,1.21002594376,1.37593092976,1.10759126494999,0.950578547469997,0.837574519840003,0.693852998950005,3.22222439741999,3.21864109226,3.13700282926,4.18216933314,4.06545252534,3.96834926834001,2.06233386884001,2.08407438414,2.47584404554
4.49209861173,5.08437218313001,4.92981307313001,6.58595761203002,6.76172125613003,7.04276365603,3.10417284297,3.11631030877,2.92858095727,2.07904616223,2.14662902583,2.19178783153001,2.89468746258001,3.01979591498,2.84990991434999,0.780983542229993,0.895197731270004,10000,4.02449889153001,3.63904863343,3.41065860263001,2.46428172586999,2.42269169787,2.58748222727,2.31551706362001,2.21434982639001,2.62804165732999,1.57048301333001,1.24269636343,1.18442904733,5.22135497343,5.39716467903002,5.45815612503,10.79806249137,10.84707590887,10.73859983557,2.49495413777,2.52567324387001,2.61014477087,3.16154960693,3.04541346142999,3.16468364113,1.92510309503,2.20452932103,1.83457497622001,1.36889887020001,1.10186815457,1.21478108968,3.77260468269,3.65881259752999,3.49558559452999,3.79792339386999,3.67343211607,3.59473051307001,2.04785684156999,1.90597499087001,2.28339087027
5.2890439686,5.56972321980001,5.7866164288,5.41802317850002,5.4799399826,5.56501068249999,6.4870240965,6.57658403230002,6.3297679688,3.8452862921,3.9303274843,3.7704542796,6.04773559411,6.15375180651001,5.94231423788001,3.44397933330001,3.37616028426001,4.02449889153001,10000,0.872553826100008,0.812778620899998,6.0282941374,6.02190540939999,6.15153941879999,2.75828908309,3.03244724514,2.5601979234,4.89886299480001,4.29346472150001,4.0372267958,5.32599631109998,5.56472987070001,5.49780512189999,14.3201927049,14.3261903024,14.2660155491,3.1289371311,3.22981918140001,3.32133681240002,2.381238366,2.3826513177,2.287729454,2.7579209105,2.6243033245,2.74031218931001,3.98958217973001,3.9056497321,3.60216531321001,0.899902525960015,0.846369709400005,1.18114606740001,7.25663357340002,7.13991676560001,7.02910820260002,5.24511652310001,5.3040606844,5.66817332580001
5.21990783949999,5.61623432710002,5.8220742733,5.66464682460002,5.72656362870001,5.81163432860001,6.3016616384,6.38504173420001,6.12475799070001,3.722345536,3.8732059482,3.6851591235,5.79521883600999,5.90585664841,5.68220299977999,3.15958027720001,3.05661584815999,3.63904863343,0.872553826100008,10000,0.631209482800009,5.8199906193,5.7737039713,5.94946070070001,2.68878732759,2.94172670904,2.55558791090001,4.5912619587,4.10737574540001,3.9128526997,5.45038333919999,5.70665836360001,5.6713424556,14.0618797148,14.1016759403,13.961442801,2.91213926500001,3.02415139530001,3.01207630630002,2.36894739050001,2.3348392422,2.2794393385,2.50314089440001,2.4059802484,2.47835643320999,3.75572260163,3.68944395400001,3.44908297511,0.955973898060016,0.854491749500002,1.0929876155,7.1409528353,7.02423602750001,6.90256158450001,5.01222158500002,5.03556184630001,5.40604320769999
5.2149082661,5.62312119370001,5.78763261549999,5.81261044940001,5.87452725350001,5.9595979534,6.0193519476,6.10273204340002,5.8424482999,3.5017847532,3.5870612654,3.44470694270001,5.64158488521001,5.75222269761001,5.52741070898,2.9029039844,2.83709275136,3.41065860263001,0.812778620899998,0.631209482800009,10000,5.5577484485,5.5019899205,5.6771397499,2.57791822359,2.77405902855999,2.49925421270001,4.3831048959,3.80893926580001,3.61869141689999,5.49434616279999,5.7520289084,5.71671300040001,13.787459794,13.8193662495,13.7185281782,2.60310774019999,2.70666603050001,2.73035724150001,2.2714560927,2.2448910244,2.2115118007,2.35659415240001,2.2541437854,2.30188516539,3.59213199083001,3.43030678320001,3.18994580431,0.926345130460002,0.709868939899999,0.954511387899996,6.88181566450001,6.76509885669999,6.64342441370001,4.8151560942,4.86888397550001,5.23936533690001
5.5749827276,6.019037077,5.768289747,8.38425898589999,8.59610721000001,8.9225978699,0.915563921100015,0.812909314900008,0.745825561400013,3.44002918729999,3.3375383397,3.52927399179998,1.88040396929,1.94599197089,2.00699011952,2.7915518041,2.89280905714,2.46428172586999,6.0282941374,5.8199906193,5.5577484485,10000,0.285503681999997,0.198347363400005,4.11308756949,3.86397335225999,4.3531760512,2.33965471320001,2.3797360733,2.48639553719999,6.2051424873,6.2876722129,6.48008951890002,8.62866947749998,8.654945335,8.5864190817,4.36842029829998,4.28987548999999,4.45364619099999,5.0697750728,4.96424186729999,5.12481120699999,3.95412402089999,4.1972193669,3.91989948209,2.35247035766999,2.15325708529999,2.43203338419,5.91509897855998,5.8620803774,5.61083788440001,1.44626346000001,1.37513294220001,1.25913925920001,1.2687337543,1.23960361300001,1.37575829160001
5.59368358819999,6.062874283,5.81323921300001,8.39641987190002,8.608268096,8.92211535589999,0.860476323100001,0.841133572900004,0.699085963400003,3.45919905929999,3.3509349857,3.54303746379999,1.95259095529,2.02028738289,2.08128553151999,2.7725008961,2.87375814914001,2.42269169787,6.02190540939999,5.7737039713,5.5019899205,0.285503681999997,10000,0.297914277399991,4.11764842149001,3.87987626426,4.36444167480001,2.38468147919999,2.3798478793,2.48337806319999,6.2489796933,6.34333393889999,6.5239267249,8.6773815715,8.724572949,8.6552098157,4.3503066303,4.27740236199999,4.43027070300001,5.0507241648,4.94519095930001,5.105760299,3.93507311290001,4.1786393589,3.90084857409,2.36727936967001,2.14121039730001,2.42564465619001,5.89392741055998,5.83159810940001,5.5766333764,1.485746054,1.44063425619999,1.3056823932,1.26435672629999,1.27791244499999,1.4359809236
5.60073297699998,6.04549786640001,5.79475053640002,8.4808692753,8.69271749940001,9.02317435929999,0.743530189699997,0.651566405499998,0.587657725999993,3.53027820869999,3.42406984910001,3.6195230132,1.89132480469001,1.95902123229,2.02001938092,2.92608678549999,3.02734403854,2.58748222727,6.15153941879999,5.94946070070001,5.6771397499,0.198347363400005,0.297914277399991,10000,4.23042255088999,3.98085597366,4.4599113806,2.4716571026,2.5147055827,2.5985242266,6.24199731670001,6.31836136230003,6.5065503083,8.51055054810001,8.53411590559999,8.46475277230001,4.4813579997,4.40281319139999,4.56658389239999,5.2043100542,5.0987768487,5.2593461884,4.08865900229998,4.33175434829999,4.05443446349,2.46980533907,2.28779206669999,2.55527866558999,6.02826547995997,5.97018197880001,5.7302291858,1.31740479059999,1.2580938128,1.1302805898,1.30667951569999,1.27972263440001,1.40593659300001
3.50391857051,3.48364680411,3.59007350570999,4.81349243921002,4.98202344331,5.16625110321,4.54630937579001,4.62430592159002,4.40119751009001,1.78024196619,1.88748971839,1.71934849369,3.5254287862,3.61760645860001,3.46811966997,1.75233504539,1.72614739235,2.31551706362001,2.75828908309,2.68878732759,2.57791822359,4.11308756949,4.11764842149001,4.23042255088999,10000,0.62477787735,0.548973736909995,2.62790873689001,2.13915331559001,1.84474822989,3.58040476061,3.72214396621001,3.80437873221,12.38037824419,12.33247242169,12.24638298839,2.73494483239,2.76147960469001,2.92285567169002,1.99453428211,1.95669148539,1.96700995611,1.36390974179001,1.40981687779,1.38634963659999,2.02353765182001,2.30521770419001,2.1027696405,2.68339981726999,2.83028548471,2.85363312889,5.08155778548999,4.93804189769003,4.89040922589001,3.12351076639001,3.13291959649001,3.38442758309001
3.53171080786001,3.38719372146001,3.30457841846002,4.76825015364,4.96974481774,5.27039427764002,4.31387583136,4.39454684715999,4.17019950366,1.36665048696001,1.46546583916001,1.29732461446,3.18247066897,3.27556276137001,3.09506159274,1.71101946816,1.70232459511999,2.21434982639001,3.03244724514,2.94172670904,2.77405902855999,3.86397335225999,3.87987626426,3.98085597366,0.62477787735,10000,0.851730978939999,2.41243962966001,1.98330349636001,1.67140627065999,3.45827261504,3.58933354064001,3.68096366664001,12.06612200976,12.01821618726,11.93212675396,2.48118802596001,2.49729339826,2.64463006526001,2.05544862926,2.00397610336001,2.05483635106001,1.24012734736001,1.37345115936001,1.26760652617001,1.70640997459,2.20767554696001,2.08081414807,2.86065169829999,2.99539861134,3.05745379134,4.82194906826,4.67843318046,4.61300471746001,2.86060609796001,2.88335301926,3.12174812066
3.6630507046,3.45779723820002,3.6147363454,4.68216943470003,4.8472144788,5.02359181870001,4.86455774029999,4.94269762610002,4.73516981459999,1.94467205310001,2.0121038477,1.7986214578,3.84852830191,3.95438694831,3.84965087167999,1.9848730151,2.02819140205999,2.62804165732999,2.5601979234,2.55558791090001,2.49925421270001,4.3531760512,4.36444167480001,4.4599113806,0.548973736909995,0.851730978939999,10000,2.9093639902,2.37025696490001,2.06783079919999,3.4777647561,3.61474444170001,3.7004558077,12.6396883487,12.5917825262,12.5056930929,2.97315637890001,3.00794529120002,3.18333833820002,2.08075294440001,2.04766612790001,2.0063765102,1.5950823283,1.6284335003,1.65402356311,2.22441828953,2.57555646190001,2.34253800501,2.45591641555999,2.62693250300001,2.7138316568,5.31160297119999,5.16420401339999,5.14971933040002,3.3999006509,3.4088555082,3.7909965476
4.10956488760001,4.4314792542,4.14930672480001,6.77092745970001,7.02250180319997,7.41306001329999,3.0714950623,2.9906748481,2.9270063566,2.0752366747,1.9459133465,2.1456923992,2.27814014390999,2.37809423030999,2.22774165367999,1.6110063231,1.71780207206,1.57048301333001,4.89886299480001,4.5912619587,4.3831048959,2.33965471320001,2.38468147919999,2.4716571026,2.62790873689001,2.41243962966001,2.9093639902,10000,0.734476640100002,0.991668521000004,4.57798469409998,4.6573313797,4.8529317257,10.1144341907,10.1211235282,10.0450131149,3.2342866291,3.20943743520001,3.3266288322,3.6808977802,3.57827887469999,3.7156090544,2.54229406830001,2.7970456543,2.49592048949,1.64925619553001,1.7815289219,1.85404146901001,4.73277038796,4.7704485628,4.65941383980001,3.20990569319999,3.09498467539999,3.0572539924,2.1375144329,1.8208203902,1.99320658959999
4.15519093029999,4.46860288890001,4.23257169950001,6.27810789440002,6.5173055379,6.907863748,3.1478417224,3.0994711482,2.9795502167,1.80500453120001,1.70675529960001,1.84107655390001,2.58454174400999,2.71382125041,2.56382429377999,1.14539103920001,1.34659348816,1.24269636343,4.29346472150001,4.10737574540001,3.80893926580001,2.3797360733,2.3798478793,2.5147055827,2.13915331559001,1.98330349636001,2.37025696490001,0.734476640100002,10000,0.416096414100008,4.62526272379999,4.70447213960001,4.90007248559999,10.5487970508,10.5314798883,10.475671315,2.9230023292,2.9338673173,3.0269044643,3.23668877490001,3.1340698694,3.2444859491,2.084920531,2.31759260900001,2.05432096041001,1.47616493163001,1.53852662399999,1.52678699511,4.26979833466,4.22483858950001,4.09718532650001,3.4309863733,3.3139161155,3.2514625725,2.18003233300001,2.01419143030001,2.3345359097
3.8902570626,4.19063555980001,3.98808414980001,5.96211270870001,6.17466968220001,6.55505397229998,3.2299554863,3.20319739209999,3.0685466606,1.44586081710001,1.36385794750001,1.4805426582,2.58219852791,2.71180007431001,2.54707779768,1.01003311109999,1.17673816006,1.18442904733,4.0372267958,3.9128526997,3.61869141689999,2.48639553719999,2.48337806319999,2.5985242266,1.84474822989,1.67140627065999,2.06783079919999,0.991668521000004,0.416096414100008,10000,4.37674097010001,4.47733679570002,4.65168800170002,10.7509976147,10.7325911522,10.6505803589,2.7313152871,2.7182141152,2.8419895222,2.9326053792,2.83619873370001,2.95612331339999,1.8218254253,2.0285314733,1.79710104649,1.32439103553,1.47283604789999,1.43411865101,4.01891722895999,3.99528838379999,3.92460088079999,3.6077235372,3.4783443794,3.4176935964,2.05712403689999,1.9532205542,2.3152910136
1.93652992449999,0.991613650300012,1.31119795430001,3.3631034506,3.63143205409999,3.99954082419999,6.6612057364,6.6412267422,6.56504357069999,3.43546182919999,3.46403100759999,3.31430442189999,4.66217683800999,4.67274756441,4.50722934778,4.83388659119999,4.84397291816,5.22135497343,5.32599631109998,5.45038333919999,5.49434616279999,6.2051424873,6.2489796933,6.24199731670001,3.58040476061,3.45827261504,3.4777647561,4.57798469409998,4.62526272379999,4.37674097010001,10000,0.312916190400012,0.478042360600008,13.2482355448,13.1372440223,13.049708089,4.59834657099998,4.58411602129998,4.68032583229998,3.44674951649999,3.53230598,3.5023308223,3.92697260839999,3.8901088304,4.11783086321,4.60996170562998,5.324317398,5.21968726111,5.05220240573999,5.4041845343,5.4972775081,6.6662101873,6.5070718895,6.53975022649999,5.40930580699999,5.17798786429999,5.06887302369999
2.0731465601,0.849943267899997,1.1622840159,3.524866665,3.8078074885,4.17168673860001,6.70632872200002,6.67600732780001,6.61016655630002,3.5749551548,3.5810464732,3.43447312750001,4.70274810361,4.69264023001001,4.55235233338002,5.00969629679999,5.01978262376002,5.39716467903002,5.56472987070001,5.70665836360001,5.7520289084,6.2876722129,6.34333393889999,6.31836136230003,3.72214396621001,3.58933354064001,3.61474444170001,4.6573313797,4.70447213960001,4.47733679570002,0.312916190400012,10000,0.484972748600014,13.1743396104,13.0633480879,12.9758121546,4.78734981660001,4.77311926690001,4.86932907789999,3.7179693781,3.79683586160001,3.76868030390001,4.102782314,4.06591853600001,4.29364056881002,4.78577141123,5.5001271036,5.39549696671001,5.33848780014,5.6904699287,5.78229460250002,6.6808833329,6.51217977510001,6.56372389210001,5.49414967260002,5.2382044299,5.11532330930001
1.97065992529999,1.0184335679,1.4456340359,3.1220279564,3.38860941989999,3.75248866999999,6.83312382799999,6.8301938738,6.7420458223,3.6581528808,3.6835688192,3.5369954735,4.84510174960999,4.84866077600999,4.70580707938,5.06044482279999,5.07053114976,5.45815612503,5.49780512189999,5.6713424556,5.71671300040001,6.48008951890002,6.5239267249,6.5065503083,3.80437873221,3.68096366664001,3.7004558077,4.8529317257,4.90007248559999,4.65168800170002,0.478042360600008,0.484972748600014,10000,13.5922612764,13.4812697539,13.3937338206,4.8078377426,4.7936071929,4.8898170039,3.64414414410001,3.73423752760001,3.7042623699,4.15353084,4.11666706200001,4.34438909481001,4.83651993722999,5.5508756296,5.44624549271001,5.25993713234001,5.6119192609,5.7220792947,6.84514443889998,6.67644088109999,6.72798499809998,5.5575680386,5.3357753559,5.22666051529999
13.0961958851,12.9177337745,12.3311445245,16.5104239034,16.7580429875,17.1090628074,8.16812104839999,8.09395940259998,8.29583771409999,11.3674602356,11.2776260172,11.4928900629,8.99588434678999,8.92823758039001,9.10232629702,11.2356402536,11.29140924664,10.79806249137,14.3201927049,14.0618797148,13.787459794,8.62866947749998,8.6773815715,8.51055054810001,12.38037824419,12.06612200976,12.6396883487,10.1144341907,10.5487970508,10.7509976147,13.2482355448,13.1743396104,13.5922612764,10000,0.454235620500012,0.369287485800014,12.1522610338,12.0862954655,12.2677190865,13.3992046903,13.2959182528,13.4702925025,12.3340782564,12.5597026744,12.28393880159,10.66460493917,10.6257790268,10.87244826369,14.05046921806,13.9425321989,13.6521413739,7.63975715750001,7.76250227529999,7.74531743829999,9.3296642178,9.34374914050001,9.06507216109999
13.0482900626,12.821704412,12.211639022,16.4625180809,16.710137165,17.0611569849,8.18968018590001,8.1108833201,8.32308427159999,11.3481228931,11.2297201947,11.4507038204,8.94797852429,8.87512501789,9.05442047451998,11.2352001911,11.30191098414,10.84707590887,14.3261903024,14.1016759403,13.8193662495,8.654945335,8.724572949,8.53411590559999,12.33247242169,12.01821618726,12.5917825262,10.1211235282,10.5314798883,10.7325911522,13.1372440223,13.0633480879,13.4812697539,0.454235620500012,10000,0.188230567299995,12.1920572593,12.126091691,12.307515312,13.3987646278,13.2954781903,13.46985244,12.3336381939,12.5592626119,12.28349873909,10.66416487667,10.6317766243,10.87844586119,14.05002915556,13.9638329764,13.6722659714,7.64697153500001,7.7453374528,7.7466527958,9.32922415529998,9.34330907799998,9.06463209859998
12.9622006293,12.7356149787,12.1241030887,16.3764286476,16.6240477317,16.9750675516,8.11623841260003,8.0397822468,8.24964249830001,11.2488351998,11.1436307614,11.3588948071,8.86188909099,8.78903558459002,8.96833104122002,11.1359124978,11.19168149084,10.73859983557,14.2660155491,13.961442801,13.7185281782,8.5864190817,8.6552098157,8.46475277230001,12.24638298839,11.93212675396,12.5056930929,10.0450131149,10.475671315,10.6505803589,13.049708089,12.9758121546,13.3937338206,0.369287485800014,0.188230567299995,10000,12.05182412,11.9858585517,12.1672821727,13.2994769345,13.196190497,13.3705647467,12.2343505006,12.4599749186,12.18421104579,10.56487718337,10.571601871,10.81827110789,13.95074146226,13.8512782631,13.5866056781,7.62314994170001,7.71985717950001,7.70774116249999,9.22993646200002,9.24402138470002,8.96534440530001
4.39719343549999,4.5648487487,4.6130861847,5.77066638960001,5.8991418337,6.13326505360001,4.85942661739999,4.88086787320001,4.67641724969999,1.92610681799999,2.03123873359999,1.99760126010001,4.02692449500999,4.11455824741,3.85854689878,2.36024826799999,2.23918538303998,2.49495413777,3.1289371311,2.91213926500001,2.60310774019999,4.36842029829998,4.3503066303,4.4813579997,2.73494483239,2.48118802596001,2.97315637890001,3.2342866291,2.9230023292,2.7313152871,4.59834657099998,4.78734981660001,4.8078377426,12.1522610338,12.1920572593,12.05182412,10000,0.150556810300008,0.281875679300002,1.8648135165,1.81050360979999,1.91788759670001,1.6928506668,1.6787772088,1.67784145399,2.48174897357001,2.56918243299999,2.47643247809,2.70462759426,2.60356673109999,2.5580626561,5.68139471430001,5.56078650650001,5.44441386350001,3.668907332,3.55451610530001,3.7346483467
4.3604285216,4.51273010100001,4.56096753699999,5.78763441989999,5.91796946399999,6.16066248390001,4.78088180909998,4.80232306490001,4.5978724414,1.87357654609999,1.98599522169999,1.9503238082,3.95804428670999,4.04567803911001,3.78966669047999,2.39329097609999,2.22515943114,2.52567324387001,3.22981918140001,3.02415139530001,2.70666603050001,4.28987548999999,4.27740236199999,4.40281319139999,2.76147960469001,2.49729339826,3.00794529120002,3.20943743520001,2.9338673173,2.7182141152,4.58411602129998,4.77311926690001,4.7936071929,12.0862954655,12.126091691,11.9858585517,0.150556810300008,10000,0.270735217000008,1.87505602680001,1.79489017589999,1.96726221900001,1.72999077490001,1.72866914490001,1.72161166209001,2.42728815967,2.51291653269999,2.43240106419,2.80120144255999,2.7091098594,2.6624573244,5.60871350599998,5.48810529819999,5.3717326552,3.59268612569999,3.47597129700001,3.6657681384
4.43082131259999,4.640635048,4.68887248399998,5.8404784509,5.981899295,6.22459231490002,4.9446525101,4.97972476590001,4.7616431424,2.0358120731,2.1446379487,2.14707910840001,4.13680658770998,4.22444034010999,3.96842899147998,2.4617296831,2.32424543814001,2.61014477087,3.32133681240002,3.01207630630002,2.73035724150001,4.45364619099999,4.43027070300001,4.56658389239999,2.92285567169002,2.64463006526001,3.18333833820002,3.3266288322,3.0269044643,2.8419895222,4.68032583229998,4.86932907789999,4.8898170039,12.2677190865,12.307515312,12.1672821727,0.281875679300002,0.270735217000008,10000,1.94562471780001,1.8804881603,2.02113633000002,1.86336310190001,1.85733210390001,1.84443122909001,2.57803094667001,2.67887712570001,2.59718325119001,2.88329309356,2.74189925040001,2.71009715540002,5.78919860699999,5.66859039920001,5.5522177562,3.74042400670001,3.63974199800002,3.8445304394
3.18704457259999,3.50548367220001,3.5852415774,4.36944567310002,4.4681859172,4.5140881371,5.55457749189999,5.63332236770002,5.39322358420001,2.17523736550001,2.3270229337,2.09578110100001,4.72386266951,4.81149642191002,4.55548507328,2.4723637487,2.27801161565999,3.16154960693,2.381238366,2.36894739050001,2.2714560927,5.0697750728,5.0507241648,5.2043100542,1.99453428211,2.05544862926,2.08075294440001,3.6808977802,3.23668877490001,2.9326053792,3.44674951649999,3.7179693781,3.64414414410001,13.3992046903,13.3987646278,13.2994769345,1.8648135165,1.87505602680001,1.94562471780001,10000,0.152030221500006,0.1845334798,1.2700027319,0.979889225899995,1.34763493070999,2.81643785513001,2.99764502750001,2.76202978861002,2.24627896175999,2.392054785,2.4697275988,6.29990064879999,6.16495846099998,6.07467233800002,4.16433161850001,4.1564146798,4.43158652119999
3.24813296569999,3.58093715970001,3.6336165961,4.49304759060001,4.5917878347,4.6376900546,5.4490442864,5.52778916220001,5.27782805870001,2.07491588,2.23106064819999,2.00000845550001,4.62603840401001,4.71367215641,4.45766080778,2.35622760319999,2.15274891015999,3.04541346142999,2.3826513177,2.3348392422,2.2448910244,4.96424186729999,4.94519095930001,5.0987768487,1.95669148539,2.00397610336001,2.04766612790001,3.57827887469999,3.1340698694,2.83619873370001,3.53230598,3.79683586160001,3.73423752760001,13.2959182528,13.2954781903,13.196190497,1.81050360979999,1.79489017589999,1.8804881603,0.152030221500006,10000,0.195543189700003,1.15857708639999,0.877065280399993,1.23620928520998,2.71861358963,2.87838478199999,2.64256896311001,2.26992548326,2.3807672271,2.4266463217,6.1973658833,6.0624236955,5.9721375725,4.06179685300001,4.05859041430001,4.3337622557
3.24406079679999,3.55165844400001,3.648689877,4.34573606090003,4.44447630500001,4.49037852490001,5.6096136261,5.68835850190001,5.43862119839999,2.2327007397,2.3844863079,2.14978323520001,4.76657480371,4.85420855611,4.59819720747999,2.4754977829,2.32269656985999,3.16468364113,2.287729454,2.2794393385,2.2115118007,5.12481120699999,5.105760299,5.2593461884,1.96700995611,2.05483635106001,2.0063765102,3.7156090544,3.2444859491,2.95612331339999,3.5023308223,3.76868030390001,3.7042623699,13.4702925025,13.46985244,13.3705647467,1.91788759670001,1.96726221900001,2.02113633000002,0.1845334798,0.195543189700003,10000,1.2696755261,0.985250060099995,1.34730772490999,2.86103844933,3.0365940217,2.79274658281,2.14176268155999,2.3383735808,2.4155880346,6.34607402299999,6.21113183520001,6.1208457122,4.2105049927,4.201653734,4.4742986554
3.46700167669999,3.7898671581,3.79951993409999,4.95063502700002,5.1081118311,5.29487437099999,4.43892644000001,4.5176713158,4.27847368230001,1.39854152160001,1.60002703780001,1.4045938943,3.61670737760999,3.70896273001,3.43979298138,1.2874423568,1.21002594376,1.92510309503,2.7579209105,2.50314089440001,2.35659415240001,3.95412402089999,3.93507311290001,4.08865900229998,1.36390974179001,1.24012734736001,1.5950823283,2.54229406830001,2.084920531,1.8218254253,3.92697260839999,4.102782314,4.15353084,12.3340782564,12.3336381939,12.2343505006,1.6928506668,1.72999077490001,1.86336310190001,1.2700027319,1.15857708639999,1.2696755261,10000,0.303092225999999,0.193711294810014,1.78227658323001,1.88719253560001,1.73863753671,2.64198484366,2.73747485850001,2.69437169550001,5.21063133689998,5.0756891491,4.9913282581,3.0782212986,3.0662110479,3.3245732353
3.4829703567,3.78614951810001,3.8330979741,4.90508740900001,5.0196620531,5.146105453,4.68202178599999,4.76076666180001,4.51080555830002,1.5312472096,1.73329304580001,1.51845218230001,3.85546990361,3.94772525601,3.68503782738,1.5153434628,1.37593092976,2.20452932103,2.6243033245,2.4059802484,2.2541437854,4.1972193669,4.1786393589,4.33175434829999,1.40981687779,1.37345115936001,1.6284335003,2.7970456543,2.31759260900001,2.0285314733,3.8901088304,4.06591853600001,4.11666706200001,12.5597026744,12.5592626119,12.4599749186,1.6787772088,1.72866914490001,1.85733210390001,0.979889225899995,0.877065280399993,0.985250060099995,0.303092225999999,10000,0.371086104809993,1.96928842923,2.0926763416,1.87519108271001,2.51973031765999,2.61522033249999,2.5721171695,5.44898194289999,5.31403975509998,5.22375363210002,3.31341291260001,3.3045616539,3.56113927530001
3.63689926951,3.98072541291002,3.98264588891,5.09258616181001,5.23579906591002,5.41410338581001,4.40470190118999,4.48344677699001,4.23348567349,1.46377618479,1.64781602099,1.49513860451,3.6143110988,3.70656645120001,3.44288710256999,1.20529047799,1.10759126494999,1.83457497622001,2.74031218931001,2.47835643320999,2.30188516539,3.91989948209,3.90084857409,4.05443446349,1.38634963659999,1.26760652617001,1.65402356311,2.49592048949,2.05432096041001,1.79710104649,4.11783086321,4.29364056881002,4.34438909481001,12.28393880159,12.28349873909,12.18421104579,1.67784145399,1.72161166209001,1.84443122909001,1.34763493070999,1.23620928520998,1.34730772490999,0.193711294810014,0.371086104809993,10000,1.74300578442,1.82898939679,1.66435915789999,2.61136950246999,2.70685951730999,2.66375635431,5.18529997808999,5.05035779029,4.96007166729001,3.04973094779001,3.04087968909001,3.29719217049
4.04505114192999,4.47285625532999,4.31841980533,6.23355358423001,6.42226262833,6.68899628822999,2.82585563076999,2.91302777657,2.69861184507,1.52508421643,1.52840548003001,1.63233542373,2.06721121437999,2.18727712678,2.01042009814999,1.03737657443001,0.950578547469997,1.36889887020001,3.98958217973001,3.75572260163,3.59213199083001,2.35247035766999,2.36727936967001,2.46980533907,2.02353765182001,1.70640997459,2.22441828953,1.64925619553001,1.47616493163001,1.32439103553,4.60996170562998,4.78577141123,4.83651993722999,10.66460493917,10.66416487667,10.56487718337,2.48174897357001,2.42728815967,2.57803094667001,2.81643785513001,2.71861358963,2.86103844933,1.78227658323001,1.96928842923,1.74300578442,10000,0.746050590369996,0.735195685479997,3.77219752889,3.83080138373,3.77919050073,3.49044851367,3.35550632586999,3.28849890087001,1.42538415137,1.39054868467,1.73960347807
