10000,2.7633362702,3.4882360586,5.7481984992,5.9370076224,6.22313432010001,8.4482695596,8.4651890054,8.406213669,5.7990152096,6.0841866745,5.8060258169,7.40534048218,7.45643605578,7.21401321724,6.4169325591,6.40263322628,6.81908804974,7.6049639202,7.5796856854,7.462520767,8.1593034004,8.09384519039999,8.10970995299999,5.96775312081,6.26695812242,5.9172974644,6.7854444429,6.5523408375,6.3552490197,3.249560101,3.458826187,3.1155410398,15.0032640108,15.1312019608,15.1123306024,7.0954890212,6.92218843179999,6.9966748369,5.3745989484,5.4435227765,5.4761152981,5.72188219840001,5.6443478564,5.86551429818,6.70167355958,6.973871884,6.82763965942,8.01061371088,8.0949906831,8.3024669615,8.6844817532,8.55612937800001,8.524183399,7.4439710716,7.38901075639999,7.51524172899999
2.7633362702,10000,1.335223013,6.373150044,6.6686226747,6.9804936633,8.61000836970001,8.6045844373,8.5532061396,5.1171198835,5.2721879359,5.043768812,7.38960316252001,7.34076691852,7.22065777636001,6.2742369885,6.25323982982,6.62398258236,7.5292732405,7.6851760631,7.6453100646,8.1486506766,8.11358945260001,8.1787277578,5.37741093721,5.33969626232001,5.3307682563,6.568698535,6.3556802585,6.1323285538,2.0256984146,1.7329458988,1.9592939828,14.5503762755,14.6213439963,14.6384566819,6.740718103,6.5879847858,6.6723993043,5.1461907163,5.2002770969,5.2382596161,5.5390592159,5.4531155171,5.72111179412,6.56260341158,6.8705079727,6.62983691294,7.75060259606,7.88623008199999,8.1552236415,8.56271821920001,8.48133786399999,8.52486086210001,7.6474654654,7.53148903219999,7.6048220458
3.4882360586,1.335223013,10000,7.2257959528,7.5179448184,7.78643197370001,8.34834608590001,8.3396101935,8.2749328478,4.9137300875,4.999659523,4.86854594560001,6.93254088282,6.90002884142,6.72406311026,5.9809862794,5.94415648132,6.36049129786,7.7351190354,7.8236040017,7.8652317626,7.86018056920001,7.80700183520001,7.8841059744,5.50918722631,5.36075548042,5.547635622,6.0887557315,5.9684601627,5.7307997684,2.5828975074,2.2644948427,2.7409367476,14.4366467602,14.4694833718,14.5173465914,6.6515865405,6.4986099653,6.5800162218,5.2693513501,5.3153021524,5.3693312263,5.5789996377,5.5549861237,5.74006189112,6.12297107948001,6.4810735686,6.24045815084,7.97331199276001,8.07407835200001,8.2632074455,8.4020839556,8.2964654422,8.30909983820001,7.376751345,7.1845720808,7.2959784204
5.7481984992,6.373150044,7.2257959528,10000,0.636661261399996,1.3471057172,10.503287884,10.551751405,10.4220666148,7.6796693432,7.87697846840001,7.615373416,10.68284917492,10.76558927924,10.56435171261,8.3223711584,8.37798251062,8.71175738366,7.0157885208,7.4282166032,7.54193932849999,10.1934359448,10.0652523728,10.2189622164,7.65122595218,7.690019295,7.4397692168,9.2989948983,8.65888441109999,8.4317237408,6.099683837,6.2700461718,5.7618035562,14.9292773259,14.8544736726,14.9234160389,7.56918240270001,7.6376041754,7.5187861546,6.5431724375,6.7004678105,6.5626676761,7.4378831784,7.27773146059999,7.57258525102,8.87060823057,8.96925570350001,8.78980094448999,7.19015588136001,7.3635096793,7.5246880998,10.8054869901,10.7707729263,10.7577091748,9.6627271686,9.7057876234,10.1097910732
5.9370076224,6.6686226747,7.5179448184,0.636661261399996,10000,0.9150454738,10.585744505,10.638160158,10.4986188188,7.9397525652,8.1717951672,7.86008486280001,10.90033205892,10.97884046082,10.80720478461,8.420025037,8.47669746762001,8.81817532166,7.1172466384,7.5055311712,7.5804991835,10.3327321917,10.1925453057,10.3249279353,7.84648917098,7.88883088779999,7.57192855720001,9.4591990289,8.8394312117,8.5934342364,6.4339970683,6.6095147549,6.1277801987,14.9132831691,14.7789266826,14.8635189909,7.8286337447,7.91534270839999,7.7736455256,6.68603738310001,6.8205756131,6.7087709031,7.554006848,7.39421735020001,7.68850169662,8.98999571947001,8.9934975334,8.85635074438999,7.24075834806001,7.443657185,7.58126374890001,10.9025375089,10.8288056241,10.8479977446,9.7848691574,9.85316600219999,10.345231842
6.22313432010001,6.9804936633,7.78643197370001,1.3471057172,0.9150454738,10000,10.8127930942,10.9017666554,10.749375352,8.33400849440001,8.54918780180001,8.24163279960001,11.27938211952,11.34384636242,11.22587038421,8.564396962,8.56555984321999,9.06832176526,7.3261941235,7.6960853752,7.7808423157,10.5339502717,10.4231647577,10.5636054557,8.10783723318,8.11590745346,7.796051369,9.70773012370001,9.12764451850001,8.87482568540001,6.7638148974,6.9449279304,6.5865508622,15.0713811886,14.8791540621,14.9674646464,8.09302596490001,8.1675461866,8.0608484438,6.6305365901,6.7766515481,6.6574560683,7.63384623800001,7.45335374219999,7.75942620162001,9.08285645147001,9.08579030340001,8.94960078539001,7.47154761776,7.6710912561,7.8191492302,11.1486286028,11.059135919,11.0785225315,9.9991578933,10.1939386351,10.7411906579
8.4482695596,8.61000836970001,8.34834608590001,10.503287884,10.585744505,10.8127930942,10000,0.445726710300003,0.568664214199999,6.67947521370001,6.45086601390001,6.7612517896,3.60293897789,3.71046926249,3.86799143212,5.8923978467,6.13090473524,5.46681142637001,9.5987952974,9.48775568650001,9.2213868549,1.90803260360001,1.8149777936,1.6050702832,7.55346965519001,7.2796353522,7.7188373808,5.42239078640001,5.60061341530001,5.7195083114,8.805164341,8.79795084620001,8.7541304291,11.1811635717,11.3267049037,11.2722826533,7.38594689690001,7.289817768,7.4534311093,9.0591793908,8.9049846419,9.1009113209,7.51208758700001,7.94471006200001,7.52072847139001,4.99788833627,4.8799282894,5.28078297379001,9.25664160116,9.13821410940001,8.9090736881,1.7983310294,1.8302978298,1.6206583976,3.0670700255,3.2088167898,3.3842186504
8.4651890054,8.6045844373,8.3396101935,10.551751405,10.638160158,10.9017666554,0.445726710300003,10000,0.615382979799999,6.7207401079,6.4903155259,6.8042347684,3.57185892749,3.67796783409,3.85031984872,6.0286254653,6.26220336384,5.46761061777,9.6402483069,9.528868653,9.2671791935,1.7261128953,1.7496461703,1.4167858679,7.64730328559001,7.38372207245999,7.7954077376,5.3450227692,5.5377164981,5.6773054402,8.7793869639,8.756731503,8.7254774159,11.1308523929,11.2895260299,11.2399336385,7.35945661480001,7.2721045511,7.4457928141,9.1287526277,8.9842977557,9.1902695117,7.6289800079,8.0475369022,7.64261319309,5.13356490287,4.9737974755,5.39245952169,9.28802391086001,9.18419042290001,8.91595599560001,1.7163879296,1.7194170373,1.552659454,3.1475120191,3.1860819854,3.325156446
8.406213669,8.5532061396,8.2749328478,10.4220666148,10.4986188188,10.749375352,0.568664214199999,0.615382979799999,10000,6.4647551093,6.22403602590001,6.531399128,3.51707552109,3.62785487569,3.75350922532001,5.6552623917,5.88385083374001,5.14590387707,9.38973311059999,9.2564902767,8.95246184290001,1.5927046582,1.4993846292,1.3634110402,7.31115348679,7.03864805046,7.4941511802,5.14525469580001,5.3567304537,5.4566591918,8.7709165234,8.7635714042,8.7253759801,11.2565305424,11.4115585774,11.358803245,7.1155453577,7.04366991739999,7.18566587319999,8.8078938708,8.6400043399,8.8496042099,7.25530222000001,7.6672552548,7.27827584229,4.74260332747,4.5612949602,5.00121717269,9.03191358256001,8.90263288000001,8.6713137043,2.0311420374,2.0153358426,1.7814006772,2.8395425241,3.006013687,3.196068873
5.7990152096,5.1171198835,4.9137300875,7.6796693432,7.9397525652,8.33400849440001,6.67947521370001,6.7207401079,6.4647551093,10000,0.664712447099997,0.523184088500004,5.07466255251999,5.20562653321999,4.84761654991,2.9797825972,2.91021129072,3.41932856726,6.1750085917,5.7086347754,5.59436184320001,5.9710564401,5.8437887981,5.9931822869,3.09323720808,2.72904115432,3.3994278034,3.5633378896,3.1569215639,2.7207729973,5.5348515656,5.5702176655,5.6695111762,13.7682733449,13.8084200849,13.7443856595,3.4671104281,3.3417611517,3.5692218441,3.6840575392,3.5109885612,3.7557706518,2.3723695802,2.5768187102,2.51135854422,3.13227023935,3.8894899047,3.69174798399,5.72896694368001,5.7681237158,5.975675989,7.25476721659999,7.1191483563,7.0013419063,4.85170606,4.6854591093,5.0602949037
6.0841866745,5.2721879359,4.999659523,7.87697846840001,8.1717951672,8.54918780180001,6.45086601390001,6.4903155259,6.22403602590001,0.664712447099997,10000,0.682403425200002,4.84920393478999,4.98402995769,4.68701513847,2.9453229721,2.87166532444,3.31985248317,6.3451628432,5.9068634722,5.81459450000001,5.6946124203,5.5362867503,5.7256528708,3.37571982198,3.03005833982,3.6205245105,3.3339742214,3.00915343649999,2.630798161,5.717689703,5.7362710697,5.8390001598,13.5306457355,13.5942405635,13.5094608751,3.5187847495,3.4118683981,3.6235746065,3.9065964689,3.7245703075,3.9783634789,2.6633259155,2.8715780675,2.79004881079,3.01336614659,3.7362624345,3.58667248539,5.98199637156,5.9504811346,6.0705869088,7.03579837290001,6.8764711913,6.7874350621,4.6204113939,4.4328029912,4.7927449838
5.8060258169,5.043768812,4.86854594560001,7.615373416,7.86008486280001,8.24163279960001,6.7612517896,6.8042347684,6.531399128,0.523184088500004,0.682403425200002,10000,5.23905794089,5.38119728782,5.02450513455,3.0803483639,3.00571727344,3.47534377767,6.0658497078,5.6429298149,5.484953568,6.0126036264,5.8760269854,6.0616043307,2.99199096898,2.65329525452,3.2212579917,3.5923800984,3.2144257635,2.763738124,5.4608208352,5.4917466175,5.622401022,13.7445499254,13.8012513724,13.728622069,3.4757504794,3.3933368514,3.6470004338,3.5489718023,3.3718373875,3.6174784143,2.3315358233,2.5431707003,2.46496331549,3.30780031029,3.9670760926,3.79630390309,5.6254739093,5.6985297817,5.8989359289,7.3555358649,7.21584404300001,7.099340932,4.94826780720001,4.7804778529,5.1568551767
7.40534048218,7.38960316252001,6.93254088282,10.68284917492,10.90033205892,11.27938211952,3.60293897789,3.57185892749,3.51707552109,5.07466255251999,4.84920393478999,5.23905794089,10000,0.378754976800001,0.61661863535,4.89221561632,4.82422521025999,4.65050858516,8.81789648667,8.45109837098,8.35117283549,3.42067681947,3.41192573547,3.35848927627,6.21872452473,5.99875785968,6.74659563101001,4.10335990059,4.65588664889,4.7586486677,7.60105305632,7.59094264402,7.63765092762,11.81802210609,11.92520334009,11.77751268569,6.05325601569,5.97459552649,6.15524061289,7.67263834342,7.52892784322,7.68973627022,6.01365357132,6.44136631622,5.94157986061,3.65839771453,4.27136495187,4.50109539809,8.35602084555,8.38393154458,8.34477359368,4.04186018109,3.79426130069,3.82230323769,2.67395662287,2.30832114447,1.88760745427
7.45643605578,7.34076691852,6.90002884142,10.76558927924,10.97884046082,11.34384636242,3.71046926249,3.67796783409,3.62785487569,5.20562653321999,4.98402995769,5.38119728782,0.378754976800001,10000,0.783133454739996,5.05655105512,4.94638351486,4.79502966159,8.91424939466999,8.59255625788,8.48109552678,3.53898772247,3.49820969247,3.49635745327,6.32256549883,6.10417489838,6.84619760351001,4.30392482119,4.85675612849,4.97374677129,7.57154228032,7.53681036602,7.59490456962,11.78928472169,11.90425161969,11.75681316929,6.13635345929,6.03761976509,6.23230651149,7.70605982622,7.56265691602,7.71922692691999,6.10055433212,6.51019386102,6.01786847321,3.83515343444,4.41362100987,4.62058587609,8.49515331755,8.53672638187999,8.51116244598,4.05517346819,3.80083931629,3.85269213929,2.82897045787,2.47417101447,2.02120818127
7.21401321724,7.22065777636001,6.72406311026,10.56435171261,10.80720478461,11.22587038421,3.86799143212,3.85031984872,3.75350922532001,4.84761654991,4.68701513847,5.02450513455,0.61661863535,0.783133454739996,10000,4.86014628786,4.70197097688,4.63324428823001,8.68938763066,8.32552862399,8.21671974409,3.54135259246,3.55850008246,3.53698424526,6.11328577751,5.80732365433,6.71974438393,4.04730022448,4.63393174712,4.73813793092,7.36792020616,7.39184447586,7.39451453446,11.93463781532,12.07815855032,11.92324051092,5.83519262691999,5.74931909772,5.94148343812,7.42854338290999,7.28048220291,7.45763203561,5.76171254281,6.14877057176,5.67406990385,3.5479801463,4.14083723986,4.35886287008,8.24426388732,8.27211678676,8.21680889729,4.32756080582,4.08579643042,4.07250324792,2.75495301786,2.37333462846,1.88158623126
6.4169325591,6.2742369885,5.9809862794,8.3223711584,8.420025037,8.564396962,5.8923978467,6.0286254653,5.6552623917,2.9797825972,2.9453229721,3.0803483639,4.89221561632,5.05655105512,4.86014628786,10000,0.67648195022,1.45866131176,5.6448454644,5.31872819580001,4.9651705615,5.0702010713,4.9444059463,5.2446841069,3.2313895443,3.09666709272,3.3843901209,2.7529857444,2.1864876836,1.9122216186,6.5663742889,6.5932610964,6.68622002799999,13.0461699959,13.0551559299,12.9947167635,4.1955711493,4.1964266993,4.2756003885,4.4246694044,4.2185757204,4.3661007608,2.4693704218,2.92440830560001,2.32638530712,1.91950924056,1.7927035043,1.59764618100999,5.42120437532001,5.2442215299,5.2645906468,6.8629934113,6.6627585215,6.5941175595,4.0190882334,3.9938004582,4.7495051128
6.40263322628,6.25323982982,5.94415648132,8.37798251062,8.47669746762001,8.56555984321999,6.13090473524,6.26220336384,5.88385083374001,2.91021129072,2.87166532444,3.00571727344,4.82422521025999,4.94638351486,4.70197097688,0.67648195022,10000,1.66353315654,5.62298527952,5.17540745018,4.96078965174,5.30554211212,5.20050949912,5.49948066372,3.22156161132,3.07458871824,3.52084967354,2.85710775518,2.45507689818,2.25312595908,6.57299421802,6.59644217472,6.71451730932,13.24282073694,13.28144182194,13.22634670354,4.05076283124,4.00649673944,4.12994921684,4.09193375972,3.88140274652,4.05541534342,2.29742655852,2.60917528752,2.1157505947,1.77506592068,1.70806303132,1.47269050954,5.346378171,5.23435055908,5.35538630238,7.01167917834,6.80914915214,6.73115709704,4.03944899468,4.01915713232,4.61756301458
6.81908804974,6.62398258236,6.36049129786,8.71175738366,8.81817532166,9.06832176526,5.46681142637001,5.46761061777,5.14590387707,3.41932856726,3.31985248317,3.47534377767,4.65050858516,4.79502966159,4.63324428823001,1.45866131176,1.66353315654,10000,6.03295379330999,5.66034444014,5.43826525084,4.43606154111,4.41842949711,4.61861453091,3.65865651236,3.57381641228,3.84381481467,2.61286591564,2.21536329944,2.14755462554,6.77833321556,6.83420949926,6.99847863186,12.84106218067,12.74976086467,12.72024213627,4.26037523507,4.22308466917,4.32838755987,5.12477152326,4.94721299405999,5.07588356495999,3.34316825056,3.81684579386,3.19430087344,2.38158200341,2.01167233651,2.08713781273,5.60086110919001,5.45714004534,5.43576691124,6.32229876406999,6.06708879287,6.02841718797,3.73170979201,3.48857972151,4.12697753891
7.6049639202,7.5292732405,7.7351190354,7.0157885208,7.1172466384,7.3261941235,9.5987952974,9.6402483069,9.38973311059999,6.1750085917,6.3451628432,6.0658497078,8.81789648667,8.91424939466999,8.68938763066,5.6448454644,5.62298527952,6.03295379330999,10000,1.6986422302,1.608234135,8.8979730922,8.79584418,8.98819312499999,4.50033760728,4.86499275578,4.218017204,7.0075173469,6.4794806872,6.2633769125,7.04399229540001,7.3425226921,7.2153005975,13.1603603426,13.0581115046,13.1046838,5.1049026243,5.3552194733,5.3552150712,4.433052983,4.4492342429,4.262199002,4.9948750528,4.765098035,4.93793242757,6.53319466903,6.46291882,6.09226396898999,1.92491384792,1.6533725532,2.2160332448,10.1623106815,10.0519558827,9.89105312659999,8.051556426,8.0766227582,8.40038106240001
7.5796856854,7.6851760631,7.8236040017,7.4282166032,7.5055311712,7.6960853752,9.48775568650001,9.528868653,9.2564902767,5.7086347754,5.9068634722,5.6429298149,8.45109837098,8.59255625788,8.32552862399,5.31872819580001,5.17540745018,5.66034444014,1.6986422302,10000,1.3738669469,8.69040955,8.585729065,8.78643921719999,4.21387520168,4.53597694212,4.1317866368,6.5499072603,6.1680152532,6.0160185605,7.1097934641,7.3672109747,7.3394391192,13.3065569967,13.2195590887,13.2093905231,4.6476718958,4.8883078552,4.8992632195,4.4121980508,4.3868893643,4.2847577491,4.4540761992,4.3487493075,4.40436242468,6.06297135875,6.1773840543,5.85571756799,1.99861861356,1.747425153,2.135300227,10.0854235442,9.961315185,9.7877020973,7.8039885698,7.7936347106,8.0675594974
7.462520767,7.6453100646,7.8652317626,7.54193932849999,7.5804991835,7.7808423157,9.2213868549,9.2671791935,8.95246184290001,5.59436184320001,5.81459450000001,5.484953568,8.35117283549,8.48109552678,8.21671974409,4.9651705615,4.96078965174,5.43826525084,1.608234135,1.3738669469,10000,8.4264635061,8.3330385681,8.5292220051,4.10490906499,4.51557166302001,3.9732842304,6.5133371128,5.9917995717,5.7146475178,7.1703225442,7.4562140258,7.3959095913,13.1696168634,13.1122729088,13.1154409884,4.5044445036,4.7598680522,4.7677552222,4.2261983561,4.16864253,4.1275863414,4.3438534348,4.1626587283,4.29114704689,6.00889232665,5.87845454470001,5.58650094449,1.97755595016,1.602735314,2.0180889653,9.8169403667,9.65071314010001,9.494318572,7.6017988828,7.62426342310001,8.0218280797
8.1593034004,8.1486506766,7.86018056920001,10.1934359448,10.3327321917,10.5339502717,1.90803260360001,1.7261128953,1.5927046582,5.9710564401,5.6946124203,6.0126036264,3.42067681947,3.53898772247,3.54135259246,5.0702010713,5.30554211212,4.43606154111,8.8979730922,8.69040955,8.4264635061,10000,0.619442046,0.522545672800001,6.90225141168,6.52891619016,6.9299894809,4.4437842564,4.544223117,4.5986877674,8.3583531568,8.38504254930001,8.42219597759999,11.4730626778,11.5822483968,11.5326717114,6.5330910933,6.4227874342,6.58601898260001,8.188573591,8.0359274218,8.2655282372,6.6651150553,7.0531728846,6.64796807257,4.17154583143,3.94417168039999,4.40369832839,8.58635693652,8.4996469636,8.25237433269999,2.5474965173,2.4278642891,2.3090565866,2.5721121814,2.519361196,2.7580143428
8.09384519039999,8.11358945260001,7.80700183520001,10.0652523728,10.1925453057,10.4231647577,1.8149777936,1.7496461703,1.4993846292,5.8437887981,5.5362867503,5.8760269854,3.41192573547,3.49820969247,3.55850008246,4.9444059463,5.20050949912,4.41842949711,8.79584418,8.585729065,8.3330385681,0.619442046,10000,0.646161654799999,6.73703381068,6.3824984539,6.7576259967,4.4355162134,4.444676703,4.5267592104,8.3345385918,8.3282558323,8.3500567286,11.5946181228,11.7561704318,11.7001386944,6.4837131633,6.39202301420001,6.5122276426,8.110424399,7.9589381998,8.1851769002,6.5557579373,6.93593554060001,6.54274123157,4.07430982343,3.86640569839999,4.30409174239,8.45137677752001,8.3608589852,8.1281965585,2.5484186003,2.4459824491,2.2552507286,2.4760703374,2.547418764,2.8346836988
8.10970995299999,8.1787277578,7.8841059744,10.2189622164,10.3249279353,10.5636054557,1.6050702832,1.4167858679,1.3634110402,5.9931822869,5.7256528708,6.0616043307,3.35848927627,3.49635745327,3.53698424526,5.2446841069,5.49948066372,4.61861453091,8.98819312499999,8.78643921719999,8.5292220051,0.522545672800001,0.646161654799999,10000,7.06272773628,6.70855489046001,7.0551122966,4.6224529096,4.7310674211,4.7906587775,8.392999086,8.4038127937,8.4337689735,11.4213621594,11.5483629494,11.479542007,6.6472711824,6.5605174615,6.7132351316,8.38990489919999,8.247900968,8.46191626439999,6.8405722737,7.24322696219999,6.83338235816999,4.34598146223,4.1318227244,4.60214797719,8.65829257536,8.5936087076,8.34639090079999,2.3068097935,2.178295215,2.0252590932,2.6062616516,2.5816286772,2.814543508
5.96775312081,5.37741093721,5.50918722631,7.65122595218,7.84648917098,8.10783723318,7.55346965519001,7.64730328559001,7.31115348679,3.09323720808,3.37571982198,2.99199096898,6.21872452473,6.32256549883,6.11328577751,3.2313895443,3.22156161132,3.65865651236,4.50033760728,4.21387520168,4.10490906499,6.90225141168,6.73703381068,7.06272773628,10000,1.3143641696,1.12976208572,4.26672101238,3.61824910328,3.27887934798,5.29532710531,5.41723908088,5.53301890758,13.33494391219,13.23480570539,13.21270905499,4.37508195519,4.42223939459,4.55273062979,3.5457874226,3.4928640576,3.42651797388,2.4805359324,2.6154126821,2.50961741892,3.92797181516,4.28535887158,3.9621375552,4.28727998024,4.38874182008,4.50187438159,8.30617684579,8.21327844999,8.04920619959,5.83428300019,5.86804014148,6.15715806228
6.26695812242,5.33969626232001,5.36075548042,7.690019295,7.88883088779999,8.11590745346,7.2796353522,7.38372207245999,7.03864805046,2.72904115432,3.03005833982,2.65329525452,5.99875785968,6.10417489838,5.80732365433,3.09666709272,3.07458871824,3.57381641228,4.86499275578,4.53597694212,4.51557166302001,6.52891619016,6.3824984539,6.70855489046001,1.3143641696,10000,1.70134161888,3.85034771412,3.45011470072,3.07405184742,5.36471657328,5.45416642718,5.61950127588,13.34131167112,13.20494708212,13.20728692052,4.10750747212,4.12450887272,4.25690531652,3.46307623372,3.38814806912,3.44648126652,2.26518673952,2.42500859072,2.26963493404,3.47656999777,4.06564965792,3.82045968731,4.56923641902,4.58634809338,4.79271264828,7.84990357308,7.78516653779999,7.60434304588001,5.33072302786,5.38477632666,5.73133842946
5.9172974644,5.3307682563,5.547635622,7.4397692168,7.57192855720001,7.796051369,7.7188373808,7.7954077376,7.4941511802,3.3994278034,3.6205245105,3.2212579917,6.74659563101001,6.84619760351001,6.71974438393,3.3843901209,3.52084967354,3.84381481467,4.218017204,4.1317866368,3.9732842304,6.9299894809,6.7576259967,7.0551122966,1.12976208572,1.70134161888,10000,4.5561292173,3.8690977324,3.4973344149,5.1228417523,5.2711486686,5.3981920457,13.2425283096,13.1613286346,13.128149495,4.6147130262,4.6899503452,4.87281453260001,3.6664408206,3.6160591508,3.5618352794,2.7887096908,2.89228672260001,2.85975076799,4.27067257414,4.53901706200001,4.22083715182,4.01087896278,4.0739344722,4.2287090936,8.2914130202,8.155878241,8.013022483,5.866293314,5.9289694019,6.3990098847
6.7854444429,6.568698535,6.0887557315,9.2989948983,9.4591990289,9.70773012370001,5.42239078640001,5.3450227692,5.14525469580001,3.5633378896,3.3339742214,3.5923800984,4.10335990059,4.30392482119,4.04730022448,2.7529857444,2.85710775518,2.61286591564,7.0075173469,6.5499072603,6.5133371128,4.4437842564,4.4355162134,4.6224529096,4.26672101238,3.85034771412,4.5561292173,10000,1.4738292134,1.925307471,6.8410952124,6.81909895439999,7.0265845182,12.859668398,12.839955093,12.8378341246,4.983201537,4.9725048266,5.0330636841,5.87951329439999,5.7305031163,5.8647054892,4.1418138737,4.4968770147,4.07086098488001,2.63541542897,2.9383152439,3.02751956732,6.62056730278,6.56639071599999,6.6292617962,5.8378549556,5.6705550998,5.6093161418,3.8216790764,3.3826289116,3.6948596198
6.5523408375,6.3556802585,5.9684601627,8.65888441109999,8.8394312117,9.12764451850001,5.60061341530001,5.5377164981,5.3567304537,3.1569215639,3.00915343649999,3.2144257635,4.65588664889,4.85675612849,4.63393174712,2.1864876836,2.45507689818,2.21536329944,6.4794806872,6.1680152532,5.9917995717,4.544223117,4.444676703,4.7310674211,3.61824910328,3.45011470072,3.8690977324,1.4738292134,10000,0.887112449499997,6.6323412366,6.5922464006,6.8138508024,12.6947956811,12.6716316581,12.7263673487,4.6875732839,4.6787302245,4.6931391196,5.502020959,5.3176934734,5.4630212738,3.6285105982,3.9608936837,3.52081345188,2.80110848027,2.7868717422,2.71660772679,6.3826991332,6.2243891196,6.14413441320001,6.0458365419,5.8627330541,5.78382576210001,4.1014886213,3.7803294337,4.4118840227
6.3552490197,6.1323285538,5.7307997684,8.4317237408,8.5934342364,8.87482568540001,5.7195083114,5.6773054402,5.4566591918,2.7207729973,2.630798161,2.763738124,4.7586486677,4.97374677129,4.73813793092,1.9122216186,2.25312595908,2.14755462554,6.2633769125,6.0160185605,5.7146475178,4.5986877674,4.5267592104,4.7906587775,3.27887934798,3.07405184742,3.4973344149,1.925307471,0.887112449499997,10000,6.46234665710001,6.4383264842,6.6795399834,12.83069665,12.778650435,12.7909496556,4.446188287,4.3956486766,4.47907492,5.04702888730001,4.8648484289,5.0352774723,3.2132144709,3.5549318722,3.17755456478,2.64730982929,2.7393355772,2.65938271759,6.1426825993,5.9533475527,5.9560893855,6.28493158930001,6.0900282778,6.0225313305,3.868794846,3.6934500128,4.4570246026
3.249560101,2.0256984146,2.5828975074,6.099683837,6.4339970683,6.7638148974,8.805164341,8.7793869639,8.7709165234,5.5348515656,5.717689703,5.4608208352,7.60105305632,7.57154228032,7.36792020616,6.5663742889,6.57299421802,6.77833321556,7.04399229540001,7.1097934641,7.1703225442,8.3583531568,8.3345385918,8.392999086,5.29532710531,5.36471657328,5.1228417523,6.8410952124,6.6323412366,6.46234665710001,10000,0.727988479200001,1.0736534592,14.4412028404,14.4194049004,14.4623514948,6.4203038684,6.279688253,6.3865071238,5.040617569,5.1424531496,5.1409724952,5.4832425498,5.436859334,5.66199834442,7.01856876438,7.1636733705,6.97256315574,7.0976769186,7.2862972874,7.4691051175,8.7056280497,8.59379555019999,8.61992623579999,7.9604649325,7.80348407139999,7.8084314828
3.458826187,1.7329458988,2.2644948427,6.2700461718,6.6095147549,6.9449279304,8.79795084620001,8.756731503,8.7635714042,5.5702176655,5.7362710697,5.4917466175,7.59094264402,7.53681036602,7.39184447586,6.5932610964,6.59644217472,6.83420949926,7.3425226921,7.3672109747,7.4562140258,8.38504254930001,8.3282558323,8.4038127937,5.41723908088,5.45416642718,5.2711486686,6.81909895439999,6.5922464006,6.4383264842,0.727988479200001,10000,1.0122871232,14.3633671056,14.3909871476,14.425005602,6.621413878,6.4825264466,6.589833215,5.2746273519,5.3633811011,5.3828271465,5.6024551575,5.5817198239,5.82231190272,6.97888516908,7.1508242805,6.98171479044,7.4079239814,7.5956677063,7.7950093227,8.6435692443,8.5324922469,8.5579349539,7.9443680675,7.8020461385,7.8225643547
3.1155410398,1.9592939828,2.7409367476,5.7618035562,6.1277801987,6.5865508622,8.7541304291,8.7254774159,8.7253759801,5.6695111762,5.8390001598,5.622401022,7.63765092762,7.59490456962,7.39451453446,6.68622002799999,6.71451730932,6.99847863186,7.2153005975,7.3394391192,7.3959095913,8.42219597759999,8.3500567286,8.4337689735,5.53301890758,5.61950127588,5.3981920457,7.0265845182,6.8138508024,6.6795399834,1.0736534592,1.0122871232,10000,14.4980779843,14.5249797343,14.5655136687,6.6938296765,6.5664346051,6.64816356590001,5.2161128114,5.3468775202,5.3325988808,5.719781597,5.6837370884,5.92494108422,7.05262781768,7.24344712940001,7.07456995504,7.3735525217,7.5165861617,7.7414367202,8.70777762940001,8.622009898,8.61945069900001,8.0554224849,7.90857072,7.86209950220001
15.0032640108,14.5503762755,14.4366467602,14.9292773259,14.9132831691,15.0713811886,11.1811635717,11.1308523929,11.2565305424,13.7682733449,13.5306457355,13.7445499254,11.81802210609,11.78928472169,11.93463781532,13.0461699959,13.24282073694,12.84106218067,13.1603603426,13.3065569967,13.1696168634,11.4730626778,11.5946181228,11.4213621594,13.33494391219,13.34131167112,13.2425283096,12.859668398,12.6947956811,12.83069665,14.4412028404,14.3633671056,14.4980779843,10000,0.950416188999999,0.789480433599999,14.0755160018,14.1637528068,14.2352981268,14.6045674997,14.517996698,14.5632605876,13.8392774632,13.9952445007,13.80708973009,12.91610267547,12.6935420361,12.82005932999,13.11355281456,13.188132134,12.7523913499,10.7536056838,10.7802103436,10.8599205916,12.1136600981,12.0866175608,11.9398613964
15.1312019608,14.6213439963,14.4694833718,14.8544736726,14.7789266826,14.8791540621,11.3267049037,11.2895260299,11.4115585774,13.8084200849,13.5942405635,13.8012513724,11.92520334009,11.90425161969,12.07815855032,13.0551559299,13.28144182194,12.74976086467,13.0581115046,13.2195590887,13.1122729088,11.5822483968,11.7561704318,11.5483629494,13.23480570539,13.20494708212,13.1613286346,12.839955093,12.6716316581,12.778650435,14.4194049004,14.3909871476,14.5249797343,0.950416188999999,10000,0.447220814599998,14.0298469168,14.1209048518,14.2220202098,14.5490251987,14.491249952,14.4789884966,13.8488699302,14.0143738777,13.82605511509,12.92571105747,12.7694206771,12.90986987499,12.98595280656,13.06032249,12.6550852919,10.9188952962,10.9443831956,11.040267988,12.1439930741,12.1209706938,12.0382278434
15.1123306024,14.6384566819,14.5173465914,14.9234160389,14.8635189909,14.9674646464,11.2722826533,11.2399336385,11.358803245,13.7443856595,13.5094608751,13.728622069,11.77751268569,11.75681316929,11.92324051092,12.9947167635,13.22634670354,12.72024213627,13.1046838,13.2093905231,13.1154409884,11.5326717114,11.7001386944,11.479542007,13.21270905499,13.20728692052,13.128149495,12.8378341246,12.7263673487,12.7909496556,14.4623514948,14.425005602,14.5655136687,0.789480433599999,0.447220814599998,10000,14.0216810084,14.0904681054,14.2276393574,14.5360134223,14.4634232646,14.4684279702,13.8141326718,13.9773680393,13.79564827269,12.84713579607,12.7468140097,12.87903761059,12.95964687396,13.0197354464,12.6269888523,10.8906277505,10.9119969932,10.9920299323,12.0225455537,11.9953422234,11.898110143
7.0954890212,6.740718103,6.6515865405,7.56918240270001,7.8286337447,8.09302596490001,7.38594689690001,7.35945661480001,7.1155453577,3.4671104281,3.5187847495,3.4757504794,6.05325601569,6.13635345929,5.83519262691999,4.1955711493,4.05076283124,4.26037523507,5.1049026243,4.6476718958,4.5044445036,6.5330910933,6.4837131633,6.6472711824,4.37508195519,4.10750747212,4.6147130262,4.983201537,4.6875732839,4.446188287,6.4203038684,6.621413878,6.6938296765,14.0755160018,14.0298469168,14.0216810084,10000,0.435960115,0.619935566600002,3.4262949754,3.3685482876,3.4448671484,3.2087687431,3.25448176139999,3.17950717479,4.39448791847,4.7333300877,4.53785782599,4.64729803506,4.5509512636,4.6314745432,7.9889542329,7.7966001805,7.69396333910001,5.7784655075,5.555542304,5.7045674492
6.92218843179999,6.5879847858,6.4986099653,7.6376041754,7.91534270839999,8.1675461866,7.289817768,7.2721045511,7.04366991739999,3.3417611517,3.4118683981,3.3933368514,5.97459552649,6.03761976509,5.74931909772,4.1964266993,4.00649673944,4.22308466917,5.3552194733,4.8883078552,4.7598680522,6.4227874342,6.39202301420001,6.5605174615,4.42223939459,4.12450887272,4.6899503452,4.9725048266,4.6787302245,4.3956486766,6.279688253,6.4825264466,6.5664346051,14.1637528068,14.1209048518,14.0904681054,0.435960115,10000,0.613394644000005,3.3540174028,3.3004875146,3.430460126,3.2252294451,3.2900832034,3.20505643679,4.28643430887,4.6655495765,4.47681195138999,4.89840734386,4.7750550313,4.8493532096,7.8789135208,7.69165760459999,7.581632049,5.6860841243,5.4615183936,5.6332614882
6.9966748369,6.6723993043,6.5800162218,7.5187861546,7.7736455256,8.0608484438,7.4534311093,7.4457928141,7.18566587319999,3.5692218441,3.6235746065,3.6470004338,6.15524061289,6.23230651149,5.94148343812,4.2756003885,4.12994921684,4.32838755987,5.3552150712,4.8992632195,4.7677552222,6.58601898260001,6.5122276426,6.7132351316,4.55273062979,4.25690531652,4.87281453260001,5.0330636841,4.6931391196,4.47907492,6.3865071238,6.589833215,6.64816356590001,14.2352981268,14.2220202098,14.2276393574,0.619935566600002,0.613394644000005,10000,3.3789265515,3.3467910644,3.4409956418,3.3789925078,3.4249277763,3.36282335209,4.43596075927,4.7929100529,4.63098539679,4.95444436956,4.8086145693,4.9013365639,8.0499315396,7.86498756960001,7.7715290384,5.8163825049,5.58271206,5.798305148
5.3745989484,5.1461907163,5.2693513501,6.5431724375,6.68603738310001,6.6305365901,9.0591793908,9.1287526277,8.8078938708,3.6840575392,3.9065964689,3.5489718023,7.67263834342,7.70605982622,7.42854338290999,4.4246694044,4.09193375972,5.12477152326,4.433052983,4.4121980508,4.2261983561,8.188573591,8.110424399,8.38990489919999,3.5457874226,3.46307623372,3.6664408206,5.87951329439999,5.502020959,5.04702888730001,5.040617569,5.2746273519,5.2161128114,14.6045674997,14.5490251987,14.5360134223,3.4262949754,3.3540174028,3.3789265515,10000,0.401322508599999,0.410189131600003,2.4890013978,2.0216028778,2.69616359122,5.05909089266,5.3709578301,5.06361840511,4.51194356132,4.5098951301,4.89857747000001,9.5961638774,9.43121024409999,9.3739033711,6.9972380385,7.0636776746,7.423773064
5.4435227765,5.2002770969,5.3153021524,6.7004678105,6.8205756131,6.7766515481,8.9049846419,8.9842977557,8.6400043399,3.5109885612,3.7245703075,3.3718373875,7.52892784322,7.56265691602,7.28048220291,4.2185757204,3.88140274652,4.94721299405999,4.4492342429,4.3868893643,4.16864253,8.0359274218,7.9589381998,8.247900968,3.4928640576,3.38814806912,3.6160591508,5.7305031163,5.3176934734,4.8648484289,5.1424531496,5.3633811011,5.3468775202,14.517996698,14.491249952,14.4634232646,3.3685482876,3.3004875146,3.3467910644,0.401322508599999,10000,0.487239547399997,2.2852302288,1.7804054088,2.48036125202,4.91055897445999,5.1502440137,4.83710479111,4.51825077142,4.4871592634,4.8519215713,9.4415723139,9.27720628409999,9.2213640781,6.8357965728,6.9004893174,7.281295237
5.4761152981,5.2382596161,5.3693312263,6.5626676761,6.7087709031,6.6574560683,9.1009113209,9.1902695117,8.8496042099,3.7557706518,3.9783634789,3.6174784143,7.68973627022,7.71922692691999,7.45763203561,4.3661007608,4.05541534342,5.07588356495999,4.262199002,4.2847577491,4.1275863414,8.2655282372,8.1851769002,8.46191626439999,3.42651797388,3.44648126652,3.5618352794,5.8647054892,5.4630212738,5.0352774723,5.1409724952,5.3828271465,5.3325988808,14.5632605876,14.4789884966,14.4684279702,3.4448671484,3.430460126,3.4409956418,0.410189131600003,0.487239547399997,10000,2.4886571333,2.0042448591,2.66086735892,5.10679239105,5.3450958785,5.02904152980999,4.36971315708,4.3825178961,4.760106161,9.66866752539999,9.5112996616,9.4332178556,7.0641547067,7.1284390748,7.4551234663
5.72188219840001,5.5390592159,5.5789996377,7.4378831784,7.554006848,7.63384623800001,7.51208758700001,7.6289800079,7.25530222000001,2.3723695802,2.6633259155,2.3315358233,6.01365357132,6.10055433212,5.76171254281,2.4693704218,2.29742655852,3.34316825056,4.9948750528,4.4540761992,4.3438534348,6.6651150553,6.5557579373,6.8405722737,2.4805359324,2.26518673952,2.7887096908,4.1418138737,3.6285105982,3.2132144709,5.4832425498,5.6024551575,5.719781597,13.8392774632,13.8488699302,13.8141326718,3.2087687431,3.2252294451,3.3789925078,2.4890013978,2.2852302288,2.4886571333,10000,0.662790404,0.469945637619999,3.30814079256,3.66184987070001,3.39106051501,4.75671733872,4.7721081993,5.0000846872,8.25476139760001,8.0815295983,7.9902913023,5.47178374470001,5.5229273041,5.96872788770001
5.6443478564,5.4531155171,5.5549861237,7.27773146059999,7.39421735020001,7.45335374219999,7.94471006200001,8.0475369022,7.6672552548,2.5768187102,2.8715780675,2.5431707003,6.44136631622,6.51019386102,6.14877057176,2.92440830560001,2.60917528752,3.81684579386,4.765098035,4.3487493075,4.1626587283,7.0531728846,6.93593554060001,7.24322696219999,2.6154126821,2.42500859072,2.89228672260001,4.4968770147,3.9608936837,3.5549318722,5.436859334,5.5817198239,5.6837370884,13.9952445007,14.0143738777,13.9773680393,3.25448176139999,3.2900832034,3.4249277763,2.0216028778,1.7804054088,2.0042448591,0.662790404,10000,0.816120847620003,3.70796183746,4.00402807960001,3.69318861431,4.64989975888,4.6911373298,4.9567031935,8.5992150699,8.43770540709999,8.3586909546,5.8722726135,5.9429018338,6.3555667274
5.86551429818,5.72111179412,5.74006189112,7.57258525102,7.68850169662,7.75942620162001,7.52072847139001,7.64261319309,7.27827584229,2.51135854422,2.79004881079,2.46496331549,5.94157986061,6.01786847321,5.67406990385,2.32638530712,2.1157505947,3.19430087344,4.93793242757,4.40436242468,4.29114704689,6.64796807257,6.54274123157,6.83338235816999,2.50961741892,2.26963493404,2.85975076799,4.07086098488001,3.52081345188,3.17755456478,5.66199834442,5.82231190272,5.92494108422,13.80708973009,13.82605511509,13.79564827269,3.17950717479,3.20505643679,3.36282335209,2.69616359122,2.48036125202,2.66086735892,0.469945637619999,0.816120847620003,10000,3.23151474703,3.55750567357,3.24303239959,4.66926680065,4.71786886887999,4.93375414508,8.23286578129,8.06490825329,7.99191540299,5.44202129448,5.50026640077,5.91343903038
6.70167355958,6.56260341158,6.12297107948001,8.87060823057,8.98999571947001,9.08285645147001,4.99788833627,5.13356490287,4.74260332747,3.13227023935,3.01336614659,3.30780031029,3.65839771453,3.83515343444,3.5479801463,1.91950924056,1.77506592068,2.38158200341,6.53319466903,6.06297135875,6.00889232665,4.17154583143,4.07430982343,4.34598146223,3.92797181516,3.47656999777,4.27067257414,2.63541542897,2.80110848027,2.64730982929,7.01856876438,6.97888516908,7.05262781768,12.91610267547,12.92571105747,12.84713579607,4.39448791847,4.28643430887,4.43596075927,5.05909089266,4.91055897445999,5.10679239105,3.30814079256,3.70796183746,3.23151474703,10000,1.49116807083,1.56682214705,6.15451002251,6.04010768445001,6.09394538995,5.96539287247,5.75328713707,5.65178297907,2.93318994293,2.86269836143,3.46868885823
6.973871884,6.8705079727,6.4810735686,8.96925570350001,8.9934975334,9.08579030340001,4.8799282894,4.9737974755,4.5612949602,3.8894899047,3.7362624345,3.9670760926,4.27136495187,4.41362100987,4.14083723986,1.7927035043,1.70806303132,2.01167233651,6.46291882,6.1773840543,5.87845454470001,3.94417168039999,3.86640569839999,4.1318227244,4.28535887158,4.06564965792,4.53901706200001,2.9383152439,2.7868717422,2.7393355772,7.1636733705,7.1508242805,7.24344712940001,12.6935420361,12.7694206771,12.7468140097,4.7333300877,4.6655495765,4.7929100529,5.3709578301,5.1502440137,5.3450958785,3.66184987070001,4.00402807960001,3.55750567357,1.49116807083,10000,0.660528675790002,6.22631768816,6.0622502456,5.8575513707,5.7769045231,5.54330355429999,5.48512542169999,3.4096715711,3.2829207397,3.8721399125
6.82763965942,6.62983691294,6.24045815084,8.78980094448999,8.85635074438999,8.94960078539001,5.28078297379001,5.39245952169,5.00121717269,3.69174798399,3.58667248539,3.79630390309,4.50109539809,4.62058587609,4.35886287008,1.59764618100999,1.47269050954,2.08713781273,6.09226396898999,5.85571756799,5.58650094449,4.40369832839,4.30409174239,4.60214797719,3.9621375552,3.82045968731,4.22083715182,3.02751956732,2.71660772679,2.65938271759,6.97256315574,6.98171479044,7.07456995504,12.82005932999,12.90986987499,12.87903761059,4.53785782599,4.47681195138999,4.63098539679,5.06361840511,4.83710479111,5.02904152980999,3.39106051501,3.69318861431,3.24303239959,1.56682214705,0.660528675790002,10000,5.95312753254001,5.72986453139,5.58272425799,6.18559417449001,5.96700449509,5.93033287759,3.73293402979,3.61804300639,4.19811584719
8.01061371088,7.75060259606,7.97331199276001,7.19015588136001,7.24075834806001,7.47154761776,9.25664160116,9.28802391086001,9.03191358256001,5.72896694368001,5.98199637156,5.6254739093,8.35602084555,8.49515331755,8.24426388732,5.42120437532001,5.346378171,5.60086110919001,1.92491384792,1.99861861356,1.97755595016,8.58635693652,8.45137677752001,8.65829257536,4.28727998024,4.56923641902,4.01087896278,6.62056730278,6.3826991332,6.1426825993,7.0976769186,7.4079239814,7.3735525217,13.11355281456,12.98595280656,12.95964687396,4.64729803506,4.89840734386,4.95444436956,4.51194356132,4.51825077142,4.36971315708,4.75671733872,4.64989975888,4.66926680065,6.15451002251,6.22631768816,5.95312753254001,10000,1.01277013056,1.44697209236,9.80571645886,9.72714272146,9.53913444896001,7.73661182366,7.68204827176,8.00038424096
8.0949906831,7.88623008199999,8.07407835200001,7.3635096793,7.443657185,7.6710912561,9.13821410940001,9.18419042290001,8.90263288000001,5.7681237158,5.9504811346,5.6985297817,8.38393154458,8.53672638187999,8.27211678676,5.2442215299,5.23435055908,5.45714004534,1.6533725532,1.747425153,1.602735314,8.4996469636,8.3608589852,8.5936087076,4.38874182008,4.58634809338,4.0739344722,6.56639071599999,6.2243891196,5.9533475527,7.2862972874,7.5956677063,7.5165861617,13.188132134,13.06032249,13.0197354464,4.5509512636,4.7750550313,4.8086145693,4.5098951301,4.4871592634,4.3825178961,4.7721081993,4.6911373298,4.71786886887999,6.04010768445001,6.0622502456,5.72986453139,1.01277013056,10000,1.0882555056,9.72313619159999,9.6346137862,9.4563096817,7.5921894781,7.5640801625,7.9681234487
