10000,2.91477778173333,3.69790442299996,7.4641185400222,7.75287882948882,8.32163192222215,11.5571202217333,11.6310885277778,11.4472744875555,6.62537566444436,6.85100235868883,6.62106219413328,8.54047064995329,8.64959243608663,8.22353345282661,8.00407838355551,8.0276249896977,8.78011728634884,10.5114764838666,10.2869934389777,10.1876334294888,11.0895865440888,11.1237272738666,11.140747014,6.81146785435329,6.8794552690533,7.18001999642217,7.80001368657771,7.81746365137774,7.34554645802215,3.50198020511106,3.91047444964443,3.63809180004447,26.1342180040889,26.0385324329777,25.8679410780443,8.76306194099993,8.69077694264441,8.82452106519997,6.34549300275551,6.46905971362217,6.38199091704438,6.75487028062214,6.78545301728881,7.01360527679771,7.70242351408216,8.98038467493328,8.81872886393106,10.1711922954577,10.6152504896,10.6079145128666,12.2248822224222,11.9229280284888,11.9279347513777,9.04049234071102,8.78909288364438,8.52428758355551
2.91477778173333,10000,1.22992303166666,7.46071644891109,7.95063031544437,8.57484454635551,12.1711776672,12.2080039732444,12.1140934530222,6.49398169391105,6.44790110015552,6.19774481319998,8.31125901541995,8.36806060155332,8.02631229829327,9.34588738902211,9.3694339951644,10.1219262918155,10.7658280929333,10.9103683492444,10.9117485761555,11.7694873895555,11.8855849993333,11.7877708594667,6.77812456061998,6.51541516947998,6.55893678548885,8.63065237204437,8.78157973684442,8.32273214348885,1.91737435537778,1.68859465191113,1.86493227191108,25.7606697695555,25.5881089584443,25.417517603511,8.88896841806664,8.87041466811106,9.05483911066662,6.6669417238222,6.78429913788888,6.81059991691108,7.54572299008881,7.47314741075552,7.92699015026441,8.90223899954885,10.3221936803999,10.1134489093977,10.3650642645245,10.8091224586666,10.8017864819333,12.2800471078888,11.9273531539555,12.0005333568444,10.0937215461778,9.68001920911106,9.37524950902215
3.69790442299996,1.22992303166666,10000,8.66034384057776,9.15025770711104,9.77447193802218,11.7776862755332,11.7931157415778,11.7206020613555,6.1878251422444,6.14174454848887,5.89158826153334,7.6517980637533,7.59813832988663,7.44326318662665,9.03973083735553,9.06327744349775,9.81576974014888,11.2616908192666,11.2894490543777,11.2718380676888,11.3759959978888,11.4920936076667,11.3942794678,6.91985899735327,6.22610000501329,6.80631025302217,8.23716098037774,8.38808834517776,7.92924075182219,2.53834153748887,2.20796240735556,2.76001346735553,24.6095794578887,24.3581859267777,24.1875945718444,8.63519214639997,8.61663839644443,8.801062839,7.04260589535551,7.14438862942221,7.17068940844439,7.35634560922216,7.47992908388885,7.66160639779774,8.59608244788218,10.0160371287333,9.80729235773111,10.9133072708577,11.3573654649999,11.3500294882666,11.6879911562222,11.3352972022888,11.4945306851777,9.78756499451104,9.37386265744443,9.03321435735552
7.4641185400222,7.46071644891109,8.66034384057776,10000,0.492829026533309,1.20511397744445,17.5982061961109,17.7542925021555,17.3407435819332,10.2556920228222,10.4337713090666,10.0036717821111,14.989907104331,15.1365150104644,14.7800111072043,11.7114038779332,11.6678244840755,12.7484012607266,10.7889435214444,11.2883717997554,11.5801731954666,16.5787594784665,16.5780720882444,16.7795724283777,9.46090868953105,9.44828537839109,9.1368079543999,13.413981201511,12.4155077457555,11.7862515123999,6.66181813108888,6.85523785322221,6.11286262122224,32.8597157890665,32.7604877129555,32.6359715980222,11.4695882669778,11.5256279570222,11.6561162795777,8.44841756953331,8.64752498119998,8.33475653902214,9.63644635899992,9.51490605966659,9.93343623917553,12.2394938884599,12.992143449311,12.5551813183089,10.3042136162355,11.2178750167777,11.4363877084443,18.3007763967999,17.9895494428666,17.9804035257555,14.7375194750888,14.7021766180221,15.2186387979332
7.75287882948882,7.95063031544437,9.15025770711104,0.492829026533309,10000,0.745793470911139,18.0575267026443,18.2136130086887,17.8000640884665,10.7485210493555,10.9266003356,10.4965008086444,15.4827361308644,15.6293440369977,15.2728401337376,12.1112539844666,12.0552644306088,13.2077217672599,10.9103679879777,11.4097962662888,11.7015976619999,17.0380799849999,17.0373925947776,17.238892934911,9.7612211160644,9.84813548492438,9.43712038093328,13.8559665208222,12.8748282522888,12.2455720189332,7.15464715762218,7.34806687975552,6.60277648775551,33.1740865777999,33.0748585016889,32.9503525467554,11.750020813511,11.8060605035555,11.9365488261111,8.6693797160666,8.86848712773331,8.55571868555545,9.88673502553323,9.73586820619994,10.1543983857089,12.6393439949932,13.3919935558443,12.9378423448422,10.4256380827688,11.339299483311,11.5578121749777,18.7936054233332,18.4823784693999,18.4732325522887,15.1373695816221,15.1614971245555,15.6779593044666
8.32163192222215,8.57484454635551,9.77447193802218,1.20511397744445,0.745793470911139,10000,18.8033201735555,18.9594064795999,18.5458575593777,11.4494156402667,11.6274949265111,11.1973953995555,16.1836307217755,16.3302386279088,15.9737347246487,12.6612010553777,12.55627550152,13.953515238171,11.0793643388888,11.5787926172,11.8705940129111,17.783873455911,17.7831860656888,17.9846864058221,10.1917699469755,10.3491465558355,9.86766921184443,14.5506177517333,13.6071319509777,12.9913654898444,7.85554174853331,8.04896147066666,7.25689499866663,33.6605492405333,33.5754486271998,33.4509426722665,12.2342618044222,12.2903014944666,12.4207898170222,8.9088383069777,9.10794571864446,8.79517727646659,10.3292420164444,10.0154232371111,10.51552941662,13.1905794659044,13.8930046267554,13.4388534157533,10.59463443368,11.5082958342222,11.7268085258888,19.4495538831333,19.1655560186444,19.152034149311,15.8755334525333,15.9072905954666,16.4237527753777
11.5571202217333,12.1711776672,11.7776862755332,17.5982061961109,18.0575267026443,18.8033201735555,10000,0.341027506844452,0.418203682177786,7.64109797328889,7.45574312704443,7.82944573399999,4.20409253177997,4.33645718564661,4.36793332890659,6.55944811817775,6.64508399203557,6.11445821538446,12.6427135146667,12.0460186363555,11.6994156806444,1.72207634164447,1.57431062786667,1.41351178773331,9.03236982657998,8.54388441772,9.71288952171107,6.10152777515556,6.17639729035556,6.2265428037111,12.6054116650221,12.7078427028888,13.1511478948888,16.1487683712444,16.0619079723555,16.0024424340888,9.30973736913329,9.11808011908887,9.31403835653327,10.8184329065777,10.6065924149111,10.9726122970889,8.69154279711108,9.14734109644438,8.60949959693548,5.61274070765109,5.20469214679999,5.67953011780223,12.4383280198755,12.3457407393333,11.8933738476666,1.83149084068887,1.78135365835552,1.45653640275554,3.00497704102221,3.11815101808887,3.17056191817774
11.6310885277778,12.2080039732444,11.7931157415778,17.7542925021555,18.2136130086887,18.9594064795999,0.341027506844452,10000,0.479162174222211,7.70334871933326,7.50273143308882,7.92375884004441,4.15933159782445,4.27805525169108,4.34985255495108,6.70242166422219,6.78805753807998,6.12064676142888,12.7995465407111,12.1889921823999,11.8423892266889,1.51879362368891,1.54778093391111,1.21681531377775,9.1884561326244,8.69997072376438,9.8689758277555,5.93940720119998,6.0142767164,6.26642770975552,12.6793799710666,12.7396828489333,13.2251162009333,16.0281414540889,15.9412810552,15.8818155169333,9.33809371517769,9.14643646513328,9.34239470257773,10.9526024126222,10.7407619209555,11.1067818031333,8.8345163431555,9.28151060248883,8.75247314297993,5.76882701369551,5.34766569284444,5.82250366384662,12.5813015659199,12.4887142853778,12.036347393711,1.68241617464444,1.5641791687111,1.36761890560001,3.08780514706665,3.08636192413333,3.17127202422222
11.4472744875555,12.1140934530222,11.7206020613555,17.3407435819332,17.8000640884665,18.5458575593777,0.418203682177786,0.479162174222211,10000,7.37571219911109,7.20521291286661,7.57891551982217,4.12307463760222,4.25543929146887,4.28691543472886,6.22776186399999,6.31339773785778,5.77122588120664,12.3623380204888,11.7143323821778,11.3677294264666,1.37252581946667,1.21479713368887,1.08140370555552,8.77490721240217,8.28642180354217,9.45542690753329,5.74921732097776,5.83177275617774,5.95753410953328,12.4955659308444,12.6157405687111,13.0413021607111,16.3736724598666,16.2868120609778,16.2273465227111,8.98498351495541,8.79332626491102,8.98928450235546,10.5016022123999,10.2897617207333,10.6557816029111,8.36816846293329,8.83051040226663,8.27781334275773,5.35527809347329,4.87300589262221,5.35102118362442,12.1066417656977,12.0140544851555,11.5616875934888,2.15562213486664,2.00746290973331,1.73881826382223,2.72903594684442,2.84914232391108,3.04223770400001
6.62537566444436,6.49398169391105,6.1878251422444,10.2556920228222,10.7485210493555,11.4494156402667,7.64109797328889,7.70334871933326,7.37571219911109,10000,0.542543764644429,0.474648268488893,5.37878464150885,5.56220714764221,5.11581440438213,2.95990905511112,2.91172218125335,3.90486419790449,7.0856560930222,6.7214160481333,6.58097419864443,6.53688785564444,6.56012362542222,6.71645664555557,3.37557682906891,2.52686926700892,3.80901006397779,3.96365592253332,3.58779125573334,2.87217604197779,6.76921737173326,7.12111836959998,7.22136168159994,22.7095928356444,22.6139072645333,22.4433159095999,3.61954774744439,3.50596785019995,3.88460958364442,3.8710820532889,3.65924156162224,4.02526144380001,2.45662810217778,2.67184588084445,2.65091409075332,2.8225366656378,3.94451542648892,3.7047108154867,6.88678507125334,7.04940101875556,7.0441124820222,8.67358405397772,8.39680622004431,8.2931664229333,5.10870905226667,4.84947451519994,5.3890340151111
6.85100235868883,6.44790110015552,6.14174454848887,10.4337713090666,10.9266003356,11.6274949265111,7.45574312704443,7.50273143308882,7.20521291286661,0.542543764644429,10000,0.482955966955536,5.0582840352644,5.24170654139775,4.79531379813771,3.18520290886667,3.05936699900887,3.96560059166001,7.33904819877774,6.98601415388885,6.8455723044,6.36032880939995,6.43502941917775,6.54823455931109,3.41381810442445,2.57768977276447,3.81565961133332,3.68299972588888,3.30713505908888,2.59797824533333,6.72313677797772,7.0750377758444,7.17528108784441,22.5315135493998,22.4358279782887,22.2652366233555,4.00040083208884,3.88682093484442,4.26546266828888,4.07466934833332,3.90007418026667,4.20334073004443,2.73379265593332,2.96956378659998,2.95429540450887,2.72904681939334,3.99996826024444,3.71219804924223,7.11002781036889,7.3027931245111,7.29750458777775,8.35308344773329,8.07630561379992,7.97266581668885,4.89684804602222,4.59629970895553,5.13585920886665
6.62106219413328,6.19774481319998,5.89158826153334,10.0036717821111,10.4965008086444,11.1973953995555,7.82944573399999,7.92375884004441,7.57891551982217,0.474648268488893,0.482955966955536,10000,5.51788404221995,5.70130654835327,5.25491380509324,3.23488325582222,3.17168918196444,4.19415451861557,7.0401117353333,6.72529817044442,6.56632624095553,6.74822581635548,6.8087320261333,6.94903876626665,3.16450362458001,2.29078746932003,3.5139665794889,4.01362199644442,3.63775732964444,2.88127571588889,6.47298049102216,6.82488148888886,6.92512480088883,22.9616130763555,22.8659275052443,22.6953361503111,3.7634014975333,3.64982160028884,4.07857872013333,3.6486714377778,3.46096534971112,3.77324120308888,2.49580419488888,2.60557438955557,2.71630694346444,2.98534762634888,4.2267685872,3.9389983761978,6.81109134692446,7.00385666106665,6.99856812433331,8.81268345468882,8.53590562075549,8.43226582364436,5.26839137297775,5.04682759591106,5.5863870958222
8.54047064995329,8.31125901541995,7.6517980637533,14.989907104331,15.4827361308644,16.1836307217755,4.20409253177997,4.15933159782445,4.12307463760222,5.37878464150885,5.0582840352644,5.51788404221995,10000,0.292172611466673,0.487861624206667,5.6850734008422,5.52904205914441,5.41326513471554,11.5482454095533,10.5188815034644,10.4610883199755,3.74221185413556,3.85830946391332,3.76049532404666,6.86115005479996,6.13886192593998,7.69136981770885,4.5287560922644,5.14386525746442,5.08878051970886,9.13129325324215,9.02187401110883,9.60243848310882,17.9753777541355,17.8796921830244,17.7091008280911,7.49635041771327,7.36548735646885,7.74457484991327,9.10800685479774,8.90927728313111,9.23450996530884,7.04191682533107,7.48252420466441,6.95987362515551,3.95641607364885,4.65293877301998,4.95043012157777,10.9813914369844,11.0769668008866,10.9160819445532,4.05789821246887,3.77432325853556,3.86501794142441,2.73980380275777,2.3521465736911,1.7198318656022
8.64959243608663,8.36806060155332,7.59813832988663,15.1365150104644,15.6293440369977,16.3302386279088,4.33645718564661,4.27805525169108,4.25543929146887,5.56220714764221,5.24170654139775,5.70130654835327,0.292172611466673,10000,0.631660248740031,5.95645488030886,5.80042353861108,5.70543774618221,11.79473044902,10.765366542931,10.7075733594422,3.86093550800222,3.97703311777997,3.87921897791331,7.07082049426663,6.28546983207334,7.90104025717555,4.74690497173109,5.40160573693109,5.36016199917555,9.18809483937551,9.07867559724222,9.65924006924215,17.8287698480022,17.733084276891,17.5624929219577,7.64264963024662,7.51178656900219,7.89947062244661,9.29142936093112,9.09269978926442,9.41793247144216,7.22533933146441,7.66594671079774,7.14329613128884,4.20290111311553,4.94511138448666,5.20656804904444,11.2278764764511,11.3234518403533,11.1833581160199,4.12517710633554,3.7697737524022,3.97947019529105,2.93437004462444,2.54671281555778,1.89559763946889
8.22353345282661,8.02631229829327,7.44326318662665,14.7800111072043,15.2728401337376,15.9737347246487,4.36793332890659,4.34985255495108,4.28691543472886,5.11581440438213,4.79531379813771,5.25491380509324,0.487861624206667,0.631660248740031,10000,5.62590755704884,5.46987621535107,5.34025845492216,11.4944284057599,10.465064499671,10.4072713161821,3.9327328112622,4.04883042103996,3.95101628117331,6.86040729100661,6.02518116214663,7.69062705391547,4.38922920847109,5.11137957367109,5.02961467591551,8.84634653611549,8.74554521398218,9.31749176598215,18.1852737512622,18.0895881801511,17.9189968252177,7.18511349350657,7.05606799226211,7.45233128570659,8.84503661767107,8.6463070460044,8.97153972818211,6.77894658820437,7.21955396753771,6.6969033880288,3.9025990698555,4.55982762922663,4.91560647778442,10.9275744331911,11.0231497970932,10.8170236407599,4.39797032959553,4.13046525566219,4.08752937855106,2.71755412388441,2.32989689481776,1.63768245072886
8.00407838355551,9.34588738902211,9.03973083735553,11.7114038779332,12.1112539844666,12.6612010553777,6.55944811817775,6.70242166422219,6.22776186399999,2.95990905511112,3.18520290886667,3.23488325582222,5.6850734008422,5.95645488030886,5.62590755704884,10000,0.617351189697793,1.42058986612665,6.42403983648885,5.73794579657775,5.46391887486661,5.5274985205333,5.42733781031109,5.76863587044446,3.39118618840218,2.96911901954222,3.9667929235333,2.94073422897778,2.19836443662222,1.98895745886664,9.62112306684439,9.97302406471108,10.0732673767111,22.2531928605333,22.1575072894221,21.9869159344888,4.22862537855551,4.24899072531109,4.40636241875553,4.67907970839996,4.40689737673331,4.70490853891105,2.41963767893334,2.85159805826663,2.19739927875772,1.98704716719335,1.6120137713778,1.5234118003756,6.27296280569776,6.08281035715553,5.82129796548884,8.20462155886663,7.92784372493332,7.82420392782222,4.11953910604445,4.0873490723111,4.94858485000001
8.0276249896977,9.3694339951644,9.06327744349775,11.6678244840755,12.0552644306088,12.55627550152,6.64508399203557,6.78805753807998,6.31339773785778,2.91172218125335,3.05936699900887,3.17168918196444,5.52904205914441,5.80042353861108,5.46987621535107,0.617351189697793,10000,1.62163331557114,6.44890007040887,5.55908997631994,5.2107738413911,5.6131343943911,5.52844444416887,5.85427174430223,3.42211011454442,2.91852150568444,4.02717603856444,3.08561651711999,2.42705066232,2.23881904456443,9.64466967298661,9.99657067085325,10.0968139828533,22.362536094391,22.2668505232799,22.0962591683466,3.94485039685777,3.98345257961332,4.13907431305776,4.3959931145422,4.15180766287556,4.51951938505327,2.31943516507555,2.66620890440886,2.10084412489995,1.83101582549556,1.56951300523555,1.31423663423335,6.16759889983996,5.98968264574221,5.92676381740886,8.29025743272442,8.01347959879105,7.90983980168,4.09785339101333,4.02584257394668,4.7980440683022
8.78011728634884,10.1219262918155,9.81576974014888,12.7484012607266,13.2077217672599,13.953515238171,6.11445821538446,6.12064676142888,5.77122588120664,3.90486419790449,3.96560059166001,4.19415451861557,5.41326513471554,5.70543774618221,5.34025845492216,1.42058986612665,1.62163331557114,10000,7.6236061148377,6.74496686097107,6.42365407673997,4.74766141773998,4.71044790751779,4.98879876765113,4.57176777119553,4.19212516233556,5.25423234632665,2.92501123977113,2.47964937074889,2.31200135299333,10.3971619696377,10.7490629675044,10.8493062795044,21.2737861177399,21.1781005466287,21.0075091916956,4.80243806042885,4.82260563918443,4.96586573262883,5.95875937119332,5.68657703952666,5.99722272170441,3.66711014172668,4.14391224105995,3.48971346155106,2.73413521306668,1.94822368858445,2.15761542558224,7.18636916449106,6.98730596394886,6.50091932983774,7.42478445607331,7.14800662213997,7.04436682502889,4.00308741591781,3.63620442618442,4.38710721187337
10.5114764838666,10.7658280929333,11.2616908192666,10.7889435214444,10.9103679879777,11.0793643388888,12.6427135146667,12.7995465407111,12.3623380204888,7.0856560930222,7.33904819877774,7.0401117353333,11.5482454095533,11.79473044902,11.4944284057599,6.42403983648885,6.44890007040887,7.6236061148377,10000,1.5950151460889,1.58291020957776,11.6107639170221,11.5542614467999,11.8519012669332,5.21971919951329,5.60808288361329,4.6792834862444,8.81305318933331,8.02586412031111,7.51837160055548,10.6060515727554,11.0838002786221,10.9486970410222,27.8753217270221,27.826402475911,27.6638664109776,6.23171425886667,6.41961561002218,6.57474941146664,4.61010911311109,4.64290263984443,4.43231089522221,5.22728459084444,5.00255277177774,5.21804324350885,7.59182933590444,7.58014924786662,7.01131683686441,1.73604271480886,1.61035580186664,1.95177862379998,14.1468475853555,13.8854506814222,13.8049468443111,10.1531698747555,10.1209798410221,10.9822156187111
10.2869934389777,10.9103683492444,11.2894490543777,11.2883717997554,11.4097962662888,11.5787926172,12.0460186363555,12.1889921823999,11.7143323821778,6.7214160481333,6.98601415388885,6.72529817044442,10.5188815034644,10.765366542931,10.465064499671,5.73794579657775,5.55908997631994,6.74496686097107,1.5950151460889,10000,0.948229019711088,11.014069038711,10.9139083284888,11.2552063886221,4.73576375462443,5.28565942112442,4.78443947624445,8.51964360999996,7.79553017719997,7.4080925834444,10.8610066150666,11.3387553209333,11.2036520833333,27.2653818587111,27.2150376275999,27.0621894826666,5.63035411277775,5.85518457993329,5.89807914137775,4.61743214822221,4.53899695495553,4.41748865033332,4.73128198595556,4.55658319528886,4.54855336137999,6.75067236870443,6.8413264895555,6.36648851855328,1.80945970312001,1.59369219622221,2.01821216988886,13.6727380070444,13.411341103111,13.3107744459999,9.51326445133328,9.42677721826661,9.99622911817774
10.1876334294888,10.9117485761555,11.2718380676888,11.5801731954666,11.7015976619999,11.8705940129111,11.6994156806444,11.8423892266889,11.3677294264666,6.58097419864443,6.8455723044,6.56632624095553,10.4610883199755,10.7075733594422,10.4072713161821,5.46391887486661,5.2107738413911,6.42365407673997,1.58291020957776,0.948229019711088,10000,10.6674660829999,10.5673053727777,10.9086034329111,4.59594122513556,5.12668749163554,4.51023351426666,8.07491580828884,7.41916656548885,7.03845288173329,10.8623868419777,11.3401355478444,11.2050323102444,26.7276156429999,26.6772714118889,26.5244232669555,5.00889508928889,5.25216016044443,5.34133452188888,4.34540377873332,4.29903002546666,4.17520820084445,4.63192197646669,4.40518018579997,4.4751687118911,6.50467224632666,6.49472353384441,6.0198855628422,1.6450587032311,1.15750905268888,1.68011452857776,13.2296912713333,12.9682943673999,12.8877905302888,9.15218507962219,9.08017426255551,9.89505852913329
11.0895865440888,11.7694873895555,11.3759959978888,16.5787594784665,17.0380799849999,17.783873455911,1.72207634164447,1.51879362368891,1.37252581946667,6.53688785564444,6.36032880939995,6.74822581635548,3.74221185413556,3.86093550800222,3.9327328112622,5.5274985205333,5.6131343943911,4.74766141773998,11.6107639170221,11.014069038711,10.6674660829999,10000,0.505887726222243,0.374762993911158,8.01292310893551,7.52443770007554,8.6934428040666,4.57081541751109,4.64568493271108,4.85438028606664,12.1378779873777,12.2529400252444,12.6836142172444,16.93975593,16.8528955311111,16.7934299928444,8.22029046668882,8.07009820544439,8.34590081888888,9.79527910893326,9.58343861726664,9.94945849944437,7.66184535946663,8.12418729879992,7.57754999929104,4.59329399000662,4.17274254915553,4.64758052015777,11.4063784222311,11.3137911416888,10.8614242500221,2.78045626233332,2.65283672440001,2.45654447928892,2.44177331417779,2.37475630044443,2.62398412613334
11.1237272738666,11.8855849993333,11.4920936076667,16.5780720882444,17.0373925947776,17.7831860656888,1.57431062786667,1.54778093391111,1.21479713368887,6.56012362542222,6.43502941917775,6.8087320261333,3.85830946391332,3.97703311777997,4.04883042103996,5.42733781031109,5.52844444416887,4.71044790751779,11.5542614467999,10.9139083284888,10.5673053727777,0.505887726222243,10000,0.595210888133352,8.01223571871333,7.52375030985332,8.69275541384442,4.58747778728888,4.66238070248888,4.85987381584445,12.1720187171555,12.3690376350222,12.7177549470221,16.9690171557777,16.8821567568888,16.8226912186222,8.2407171004666,8.09052483922217,8.36632745266665,9.74658323871106,9.53474274704439,9.90076262922213,7.6131494892444,8.07549142857771,7.50488952906883,4.59260659978442,4.07258183893332,4.57986984993553,11.3062177120088,11.2136304314666,10.7612635397999,2.94617918855553,2.7646360706222,2.52937531751111,2.44572538795555,2.40889703022219,2.7033241999111
11.140747014,11.7877708594667,11.3942794678,16.7795724283777,17.238892934911,17.9846864058221,1.41351178773331,1.21681531377775,1.08140370555552,6.71645664555557,6.54823455931109,6.94903876626665,3.76049532404666,3.87921897791331,3.95101628117331,5.76863587044446,5.85427174430223,4.98879876765113,11.8519012669332,11.2552063886221,10.9086034329111,0.374762993911158,0.595210888133352,10000,8.21373605884663,7.72525064998668,8.89425575397777,4.84114216742221,4.91601168262223,5.0791748759778,12.1890384572889,12.2712234951555,12.7347746871555,16.7140836423111,16.6272232434221,16.5677577051555,8.43005032139995,8.24359789775551,8.51940051119996,10.0447534188444,9.83291292717777,10.1989328093555,7.91131966937776,8.37366160871112,7.81868734920221,4.79410693991775,4.41387989906668,4.88871787006888,11.6475157721422,11.5549284916,11.1025615999333,2.53935164842218,2.35102201048884,2.15472976537776,2.45371955328889,2.42591677035553,2.62653939044444
6.81146785435329,6.77812456061998,6.91985899735327,9.46090868953105,9.7612211160644,10.1917699469755,9.03236982657998,9.1884561326244,8.77490721240217,3.37557682906891,3.41381810442445,3.16450362458001,6.86115005479996,7.07082049426663,6.86040729100661,3.39118618840218,3.42211011454442,4.57176777119553,5.21971919951329,4.73576375462443,4.59594122513556,8.01292310893551,8.01223571871333,8.21373605884663,10000,1.2365991747,1.00431660290889,4.9336661202644,3.96711261346443,3.26920559970886,7.05336023844218,7.40526123630887,7.50550454830884,24.7456636089355,24.6499780378243,24.479386682891,4.89302550411331,5.05727673526886,5.3630592967133,3.36258615395778,3.19870561829111,3.2380548120689,2.50542843369112,2.42808878102444,2.53752462075558,3.9157210789289,4.56799775977996,4.10247634877777,4.99069881110444,5.18346412524663,5.1781755885133,10.0811551472689,9.76992819333548,9.76078227622443,6.16832582555775,6.15713448849107,6.7034890684022
6.8794552690533,6.51541516947998,6.22610000501329,9.44828537839109,9.84813548492438,10.3491465558355,8.54388441772,8.69997072376438,8.28642180354217,2.52686926700892,2.57768977276447,2.29078746932003,6.13886192593998,6.28546983207334,6.02518116214663,2.96911901954222,2.91852150568444,4.19212516233556,5.60808288361329,5.28565942112442,5.12668749163554,7.52443770007554,7.52375030985332,7.72525064998668,1.2365991747,10000,1.68001813176888,4.67315017776442,3.70659667096443,3.05775452120886,6.79065084730221,7.14255184516885,7.24279515716886,24.1142396800755,24.0185541089643,23.8479627540311,4.01235909525333,4.17661032640888,4.48239288785333,3.09072982629775,2.94680791543111,3.18140943936886,1.96780666843114,2.13440173176442,1.96527133189554,3.2810137100689,4.06440915092,3.74023893991775,5.43609797504444,5.5405840909466,5.52562061501328,9.44973121840887,9.13850426447549,9.12935834736441,5.61966625669778,5.6478548396311,6.1643170195422
7.18001999642217,6.55893678548885,6.80631025302217,9.1368079543999,9.43712038093328,9.86766921184443,9.71288952171107,9.8689758277555,9.45542690753329,3.80901006397779,3.81565961133332,3.5139665794889,7.69136981770885,7.90104025717555,7.69062705391547,3.9667929235333,4.02717603856444,5.25423234632665,4.6792834862444,4.78443947624445,4.51023351426666,8.6934428040666,8.69275541384442,8.89425575397777,1.00431660290889,1.68001813176888,10000,5.55743398655555,4.53019107135556,3.90093483799997,6.83417246331109,7.18607346117777,7.28631677317775,25.2686725440665,25.1729869729554,25.0023956180222,5.5891016670222,5.75335289817774,6.0591354596222,3.64869278926668,3.53039460200001,3.4976240625778,3.1302621646,3.00507989593332,3.23826674366445,4.44758830406002,5.14360449491111,4.67808308390887,4.65564873672443,4.66025140642219,4.67200827524439,10.6041640824,10.2929371284666,10.2837912113555,6.78510280068887,6.81685994362218,7.56553090686665
7.80001368657771,8.63065237204437,8.23716098037774,13.413981201511,13.8559665208222,14.5506177517333,6.10152777515556,5.93940720119998,5.74921732097776,3.96365592253332,3.68299972588888,4.01362199644442,4.5287560922644,4.74690497173109,4.38922920847109,2.94073422897778,3.08561651711999,2.92501123977113,8.81305318933331,8.51964360999996,8.07491580828884,4.57081541751109,4.58747778728888,4.84114216742221,4.9336661202644,4.67315017776442,5.55743398655555,10000,1.42936736520001,1.90856523944447,8.84830512986661,9.11410500773328,9.40050431973332,20.2200139175111,20.2262538263998,20.0828853514666,5.82009326919994,5.71396836651108,5.97851969884439,6.79729898588886,6.63068274226666,6.86199559122219,4.8802824931555,5.34345493048886,4.86875213661994,2.66663028261555,3.08799254835557,3.17857244935336,8.56736804314662,8.51552507062219,8.49528668888885,6.40355057584441,6.17458122191106,6.07914682479995,3.87744771746667,3.35912852373331,3.68976606142219
7.81746365137774,8.78157973684442,8.38808834517776,12.4155077457555,12.8748282522888,13.6071319509777,6.17639729035556,6.0142767164,5.83177275617774,3.58779125573334,3.30713505908888,3.63775732964444,5.14386525746442,5.40160573693109,5.11137957367109,2.19836443662222,2.42705066232,2.47964937074889,8.02586412031111,7.79553017719997,7.41916656548885,4.64568493271108,4.66238070248888,4.91601168262223,3.96711261346443,3.70659667096443,4.53019107135556,1.42936736520001,10000,0.817251213755574,8.99477541466665,9.26503237253329,9.55143168453333,21.0141402727111,21.0203801815998,20.8770117066666,5.38581263151109,5.3757726648222,5.57767587715549,6.0221682874222,5.84757311935557,6.0826867855333,4.04459210635554,4.50776454368886,4.03306174981996,2.83450922381555,2.62681475244443,2.47626701588666,8.01162734145778,7.95978436893333,7.88441193331109,6.66894889104442,6.38609241711104,6.30068165999996,4.16558888266667,3.72987628893331,4.39262818662221
7.34554645802215,8.32273214348885,7.92924075182219,11.7862515123999,12.2455720189332,12.9913654898444,6.2265428037111,6.26642770975552,5.95753410953328,2.87217604197779,2.59797824533333,2.88127571588889,5.08878051970886,5.36016199917555,5.02961467591551,1.98895745886664,2.23881904456443,2.31200135299333,7.51837160055548,7.4080925834444,7.03845288173329,4.85438028606664,4.85987381584445,5.0791748759778,3.26920559970886,3.05775452120886,3.90093483799997,1.90856523944447,0.817251213755574,10000,8.53592782131111,8.84868305917775,9.09258409117776,21.4962131860667,21.4005276149554,21.2299362600221,5.21599920942213,5.10742123217774,5.37240580562217,5.46683123366664,5.29223606559997,5.52734973177773,3.48925505259996,3.95242748993329,3.47772469606438,2.50008600605999,2.62034965691109,2.50677548590888,7.65181968992442,7.65642235962214,7.49697433955548,7.05442148439997,6.77764365046664,6.67400385335556,3.85234102491111,3.61889343117776,4.34009788886666
3.50198020511106,1.91737435537778,2.53834153748887,6.66181813108888,7.15464715762218,7.85554174853331,12.6054116650221,12.6793799710666,12.4955659308444,6.76921737173326,6.72313677797772,6.47298049102216,9.13129325324215,9.18809483937551,8.84634653611549,9.62112306684439,9.64466967298661,10.3971619696377,10.6060515727554,10.8610066150666,10.8623868419777,12.1378779873777,12.1720187171555,12.1890384572889,7.05336023844218,6.79065084730221,6.83417246331109,8.84830512986661,8.99477541466665,8.53592782131111,10000,0.569837110133325,0.852873869866681,26.3578480073777,26.2077811562667,26.0371898013332,9.0715173358888,9.03189010593328,9.2250265484888,6.61757998964442,6.80654969011109,6.7612381827333,7.82095866791104,7.74838308857772,8.20222582808661,9.17747467737104,10.5974293582222,10.3886845872199,9.74251100194664,10.4366234252888,10.5492829549555,12.751423105711,12.3987291517777,12.4719093546666,10.3689572239999,9.95525488693332,9.61460658684441
3.91047444964443,1.68859465191113,2.20796240735556,6.85523785322221,7.34806687975552,8.04896147066666,12.7078427028888,12.7396828489333,12.6157405687111,7.12111836959998,7.0750377758444,6.82488148888886,9.02187401110883,9.07867559724222,8.74554521398218,9.97302406471108,9.99657067085325,10.7490629675044,11.0838002786221,11.3387553209333,11.3401355478444,12.2529400252444,12.3690376350222,12.2712234951555,7.40526123630887,7.14255184516885,7.18607346117777,9.11410500773328,9.26503237253329,8.84868305917775,0.569837110133325,10000,0.878620249199974,26.2706679652443,26.0143614341332,25.8437700792,9.42341833375549,9.38379110379995,9.57692754635554,7.09532869551109,7.21268610957776,7.23898688859995,8.17285966577772,8.10028408644438,8.55412682595329,9.52937567523769,10.9493303560889,10.7405855850866,10.2202597078133,10.9143721311555,11.0270316608222,12.8117259835777,12.4590320296444,12.5322122325332,10.7208582218666,10.3071558848,9.9665075847111
3.63809180004447,1.86493227191108,2.76001346735553,6.11286262122224,6.60277648775551,7.25689499866663,13.1511478948888,13.2251162009333,13.0413021607111,7.22136168159994,7.17528108784441,6.92512480088883,9.60243848310882,9.65924006924215,9.31749176598215,10.0732673767111,10.0968139828533,10.8493062795044,10.9486970410222,11.2036520833333,11.2050323102444,12.6836142172444,12.7177549470221,12.7347746871555,7.50550454830884,7.24279515716886,7.28631677317775,9.40050431973332,9.55143168453333,9.09258409117776,0.852873869866681,0.878620249199974,10000,27.1252108372443,26.8064279061332,26.6358365511999,9.52366164575549,9.48403441579995,9.67717085835551,7.0315897083111,7.25869399997776,7.10388365100001,8.2731029777777,8.2005273984444,8.6543701379533,9.6296189872377,11.0495736680889,10.8408288970866,10.0851564702133,10.7792688935555,10.8919284232222,13.2971593355777,12.9444653816444,13.0176455845332,10.8211015338666,10.4215670768,10.1451014567111
26.1342180040889,25.7606697695555,24.6095794578887,32.8597157890665,33.1740865777999,33.6605492405333,16.1487683712444,16.0281414540889,16.3736724598666,22.7095928356444,22.5315135493998,22.9616130763555,17.9753777541355,17.8287698480022,18.1852737512622,22.2531928605333,22.362536094391,21.2737861177399,27.8753217270221,27.2653818587111,26.7276156429999,16.93975593,16.9690171557777,16.7140836423111,24.7456636089355,24.1142396800755,25.2686725440665,20.2200139175111,21.0141402727111,21.4962131860667,26.3578480073777,26.2706679652443,27.1252108372443,10000,0.870624751111134,0.73115906604445,23.6515988775999,23.4874999181111,23.6598452344444,26.3058583989333,26.1100486272666,26.4749117494444,24.3752275694667,24.7820018687999,24.2480027692911,21.2551278100066,20.8911579291554,21.4139615001577,27.3523367977865,26.9833917250222,26.6272178400222,15.2543575283333,15.4486446856,15.3584533804889,18.5833259833776,18.5885291204443,18.0421745405333
26.0385324329777,25.5881089584443,24.3581859267777,32.7604877129555,33.0748585016889,33.5754486271998,16.0619079723555,15.9412810552,16.2868120609778,22.6139072645333,22.4358279782887,22.8659275052443,17.8796921830244,17.733084276891,18.0895881801511,22.1575072894221,22.2668505232799,21.1781005466287,27.826402475911,27.2150376275999,26.6772714118889,16.8528955311111,16.8821567568888,16.6272232434221,24.6499780378243,24.0185541089643,25.1729869729554,20.2262538263998,21.0203801815998,21.4005276149554,26.2077811562667,26.0143614341332,26.8064279061332,0.870624751111134,10000,0.324191030933334,23.8079301103776,23.6445713403333,23.8327106577776,26.2569391478221,26.0611293761555,26.4259924983333,24.3263083183555,24.7330826176887,24.1990835181799,21.1594422388954,20.7954723580443,21.3182759290466,27.3120669011199,27.1387289105775,26.779119788911,15.2694226094444,15.4637097667111,15.3735184615999,18.4876404122667,18.4928435493332,17.9464889694221
25.8679410780443,25.417517603511,24.1875945718444,32.6359715980222,32.9503525467554,33.4509426722665,16.0024424340888,15.8818155169333,16.2273465227111,22.4433159095999,22.2652366233555,22.6953361503111,17.7091008280911,17.5624929219577,17.9189968252177,21.9869159344888,22.0962591683466,21.0075091916956,27.6638664109776,27.0621894826666,26.5244232669555,16.7934299928444,16.8226912186222,16.5677577051555,24.479386682891,23.8479627540311,25.0023956180222,20.0828853514666,20.8770117066666,21.2299362600221,26.0371898013332,25.8437700792,26.6358365511999,0.73115906604445,0.324191030933334,10000,23.5994783254444,23.4361195553999,23.6242588728444,26.0944030828888,25.8985933112222,26.2634564333998,24.1637722534222,24.5705465527555,24.0365474532466,20.9888508839622,20.6248810031111,21.1476845741132,27.1495308361866,26.9399650456444,26.5706680039776,15.2371799511777,15.4314671084444,15.3412758033333,18.3170490573333,18.3222521944,17.7758976144889
8.76306194099993,8.88896841806664,8.63519214639997,11.4695882669778,11.750020813511,12.2342618044222,9.30973736913329,9.33809371517769,8.98498351495541,3.61954774744439,4.00040083208884,3.7634014975333,7.49635041771327,7.64264963024662,7.18511349350657,4.22862537855551,3.94485039685777,4.80243806042885,6.23171425886667,5.63035411277775,5.00889508928889,8.22029046668882,8.2407171004666,8.43005032139995,4.89302550411331,4.01235909525333,5.5891016670222,5.82009326919994,5.38581263151109,5.21599920942213,9.0715173358888,9.42341833375549,9.52366164575549,23.6515988775999,23.8079301103776,23.5994783254444,10000,0.299868791155543,0.519346192599963,3.64456025744446,3.46706916577778,3.81964956795555,3.19428009482221,3.32425371148888,3.16062071975775,4.81649237136217,4.83577108273326,4.58789019129108,5.29544618629777,5.07292314219996,5.04574095386663,10.6329012025999,10.3898352919999,10.3238641715555,6.88405116811106,6.64746816624439,6.93088625095552
8.69077694264441,8.87041466811106,8.61663839644443,11.5256279570222,11.8060605035555,12.2903014944666,9.11808011908887,9.14643646513328,8.79332626491102,3.50596785019995,3.88682093484442,3.64982160028884,7.36548735646885,7.51178656900219,7.05606799226211,4.24899072531109,3.98345257961332,4.82260563918443,6.41961561002218,5.85518457993329,5.25216016044443,8.07009820544439,8.09052483922217,8.24359789775551,5.05727673526886,4.17661032640888,5.75335289817774,5.71396836651108,5.3757726648222,5.10742123217774,9.03189010593328,9.38379110379995,9.48403441579995,23.4874999181111,23.6445713403333,23.4361195553999,0.299868791155543,10000,0.468017253444455,3.72167342748887,3.54418233582223,3.89676273799999,3.35917659757777,3.44311161424443,3.32650442251329,4.68447787011774,4.73090786148886,4.55269405004667,5.44383945345332,5.29461868935554,5.2705714210222,10.449473043111,10.206407132511,10.1404360120666,6.70020777126659,6.49727590499997,6.7698882793111
8.82452106519997,9.05483911066662,8.801062839,11.6561162795777,11.9365488261111,12.4207898170222,9.31403835653327,9.34239470257773,8.98928450235546,3.88460958364442,4.26546266828888,4.07857872013333,7.74457484991327,7.89947062244661,7.45233128570659,4.40636241875553,4.13907431305776,4.96586573262883,6.57474941146664,5.89807914137775,5.34133452188888,8.34590081888888,8.36632745266665,8.51940051119996,5.3630592967133,4.48239288785333,6.0591354596222,5.97851969884439,5.57767587715549,5.37240580562217,9.2250265484888,9.57692754635554,9.67717085835551,23.6598452344444,23.8327106577776,23.6242588728444,0.519346192599963,0.468017253444455,10000,3.84344975004444,3.66595865837778,4.01853906055554,3.55990231902222,3.68987593568887,3.48967186395775,5.05075796356225,4.98866087493332,4.8361873034911,5.62938753489777,5.31206229079999,5.31346598246663,10.5918351594444,10.3487692488444,10.2827981284,6.97601038471112,6.77307851844444,7.07567409275552
6.34549300275551,6.6669417238222,7.04260589535551,8.44841756953331,8.6693797160666,8.9088383069777,10.8184329065777,10.9526024126222,10.5016022123999,3.8710820532889,4.07466934833332,3.6486714377778,9.10800685479774,9.29142936093112,8.84503661767107,4.67907970839996,4.3959931145422,5.95875937119332,4.61010911311109,4.61743214822221,4.34540377873332,9.79527910893326,9.74658323871106,10.0447534188444,3.36258615395778,3.09072982629775,3.64869278926668,6.79729898588886,6.0221682874222,5.46683123366664,6.61757998964442,7.09532869551109,7.0315897083111,26.3058583989333,26.2569391478221,26.0944030828888,3.64456025744446,3.72167342748887,3.84344975004444,10000,0.272182331666655,0.351306818288883,2.29164922946663,1.83223341013331,2.52174474964219,5.46228655892667,5.74477063977772,5.20813098877559,4.2705404847022,4.5567174388444,4.54938146211107,12.3278239772666,12.0664270733333,11.9859232362222,8.21040222555553,8.13839140848888,8.70784330839999
6.46905971362217,6.78429913788888,7.14438862942221,8.64752498119998,8.86848712773331,9.10794571864446,10.6065924149111,10.7407619209555,10.2897617207333,3.65924156162224,3.90007418026667,3.46096534971112,8.90927728313111,9.09269978926442,8.6463070460044,4.40689737673331,4.15180766287556,5.68657703952666,4.64290263984443,4.53899695495553,4.29903002546666,9.58343861726664,9.53474274704439,9.83291292717777,3.19870561829111,2.94680791543111,3.53039460200001,6.63068274226666,5.84757311935557,5.29223606559997,6.80654969011109,7.21268610957776,7.25869399997776,26.1100486272666,26.0611293761555,25.8985933112222,3.46706916577778,3.54418233582223,3.66595865837778,0.272182331666655,10000,0.38217251662221,2.0241124178,1.56005107846666,2.24956241797555,5.26355698726002,5.50058518811107,5.00722809710889,4.29466309143554,4.54289760557774,4.53556162884441,12.1451251255999,11.8837282216666,11.8032243845556,8.01167265388887,7.93966183682223,8.50911373673332
6.38199091704438,6.81059991691108,7.17068940844439,8.33475653902214,8.55571868555545,8.79517727646659,10.9726122970889,11.1067818031333,10.6557816029111,4.02526144380001,4.20334073004443,3.77324120308888,9.23450996530884,9.41793247144216,8.97153972818211,4.70490853891105,4.51951938505327,5.99722272170441,4.43231089522221,4.41748865033332,4.17520820084445,9.94945849944437,9.90076262922213,10.1989328093555,3.2380548120689,3.18140943936886,3.4976240625778,6.86199559122219,6.0826867855333,5.52734973177773,6.7612381827333,7.23898688859995,7.10388365100001,26.4749117494444,26.4259924983333,26.2634564333998,3.81964956795555,3.89676273799999,4.01853906055554,0.351306818288883,0.38217251662221,10000,2.36169101997777,1.85331048064443,2.50750926015333,5.58878966943776,5.86829691028881,5.32455117928668,4.08575822681334,4.41019094095555,4.40285496422222,12.4692010477777,12.2078041438443,12.1273003067333,8.33690533606661,8.26489451899993,8.8343464189111
