10000,1.4587628042,1.85168429899999,3.7333646789,3.87654025279999,4.1612876475,5.81040789669999,5.84748878250001,5.75482841099998,3.32911089749997,3.44271881989998,3.32753445539998,4.29112673831002,4.34523718471004,4.13116418808001,4.02725055149999,4.03733687845998,4.41471893373001,5.28059506859997,5.1652630531,5.11764597529999,5.57498272760001,5.59191427359998,5.60073297700002,3.42727437051,3.45981234785999,3.61374480459999,3.92466649439999,3.93626379429999,3.69896909039999,1.75287640449998,1.9572643201,1.82044612530002,13.0961958851001,13.0482900626,12.9622006293,4.3971934355,4.36042852159998,4.4259862526,3.1854263986,3.24813296569998,3.20470185879999,3.39581471669997,3.41053009669999,3.52540688950998,3.87432242592998,4.51768135829999,4.43659570140998,5.10786391384,5.3312370298,5.32867018059998,6.1452311676,5.9938177298,5.99552590679999,4.54469094729999,4.41870678459999,4.28421996399999
1.4587628042,10000,0.61631969,3.7304267289,3.97658823299999,4.2892678729,6.11606270610001,6.13457259190002,6.08686398040002,3.26203999889999,3.2397942773,3.11450185159999,4.17514700771001,4.20309735411002,4.03117969748001,4.6967811409,4.70686746786,5.08424952312999,5.40639695979999,5.4755765949,5.47832963530001,5.913559237,5.97146922299999,5.92287098640001,3.40922881031001,3.27641838474001,3.3018292858,4.3386119238,4.4169479237,4.1861880198,0.959199566300002,0.844950507900009,0.932492447899989,12.9080478545,12.821704412,12.7356149787,4.45877276070001,4.44887347099999,4.539771362,3.34477684580001,3.40437876450001,3.4176324454,3.78986715809999,3.75300338010001,3.98072541290999,4.47285625533,5.1872119477,5.08258181081,5.20342598504002,5.42679910100001,5.42423225179999,6.17143969700001,5.99465637920003,6.0304512962,5.06993163670001,4.86279603400002,4.7083270134
1.85168429899999,0.61631969,10000,4.3315985989,4.57776010299998,4.8904397429,5.9179588361,5.92577030190002,5.88876011040002,3.10760354889999,3.0853578273,2.96006540160001,3.84405835771001,3.81677804411001,3.73829696748002,4.54234469090001,4.55243101786,4.92981307313002,5.65297014879998,5.66375877330001,5.65701620690001,5.71545536700001,5.77336535300001,5.7247671164,3.47873785450999,3.13040262833999,3.42415784539999,4.14050805380001,4.21884405370002,3.98808414980001,1.27001655429999,1.10468619590001,1.38133859589999,12.3311445245,12.205384722,12.1192952887,4.33052645070001,4.32062716100001,4.41152505200001,3.5312507574,3.5830653361,3.59631901699998,3.69382029349998,3.7550360425,3.84667536250998,4.31841980533001,5.03277549770002,4.92814536081,5.47618931404002,5.69956243,5.69699558079999,5.87405354700002,5.69727022920001,5.77609178619999,4.91549518670001,4.70835958400002,4.5359512634
3.7333646789,3.7304267289,4.3315985989,10000,0.247619084099988,0.604334084000004,8.82964547500001,8.90778536079997,8.70025754929997,5.14296366780001,5.23279788620001,5.01753384050001,7.51453955661001,7.58739306301001,7.40809760637998,5.8796078898,5.85613121676,6.39755551202999,5.41802317849998,5.66464682459996,5.8126104494,8.31826378589999,8.31778127190002,8.41884027529999,4.75068937921001,4.74292199364001,4.59083337469998,6.74472957269998,6.2339804326,5.91801620869999,3.33148995860001,3.42834061300001,3.05652612700001,16.5104239034,16.4625180809,16.3764286476001,5.74915118960002,5.7765486199,5.84047845090001,4.2355832731,4.33606019060001,4.17977926089999,4.83529734699998,4.77395120900001,4.98401696181002,6.14155220422999,6.5222553366,6.30351651970999,5.17306916533999,5.63124388450001,5.74160136949998,9.18187284589999,9.02582302809996,9.0204548851,7.39189910560001,7.37394324290001,7.6300901623
3.87654025279999,3.97658823299999,4.57776010299998,0.247619084099988,10000,0.373469259900014,9.0605102991,9.13865018489996,8.93112237339994,5.3905827519,5.48041697029998,5.2651529246,7.76215864070997,7.83501214710999,7.65571669047996,6.0807375139,6.05105576085997,6.62842033612997,5.47993998259999,5.7265636287,5.87452725349999,8.54912861000001,8.54864609599997,8.64970509939999,4.90205016331,4.94405161774,4.7421941588,6.97559439679999,6.4648452567,6.1488810328,3.5791090427,3.6759596971,3.30268763109999,16.7580429875,16.710137165,16.6240477317,5.8905720337,5.91796946399999,5.98189929499999,4.3472689172,4.44774583470001,4.29146490499998,4.96164625109999,4.88563685309999,5.09570260591001,6.34268182832997,6.72338496069997,6.49605160381,5.23498596943998,5.69316068860001,5.80351817359999,9.42949192999998,9.27344211219999,9.2680739692,7.59302872969998,7.60480806699999,7.8609549864
4.1612876475,4.2892678729,4.8904397429,0.604334084000004,0.373469259900014,10000,9.43397955900003,9.51211944479997,9.30459163329997,5.74160257180002,5.83143679019998,5.61617274450002,8.11317846060998,8.18603196701002,8.00673651037998,6.35628357380001,6.30213382075997,7.00188959603,5.5650106825,5.81163432860001,5.9595979534,8.92259786989999,8.92211535589996,9.0231743593,5.11789710321001,5.19512967764001,4.95804109870002,7.3490636567,6.83831451660003,6.52235029270002,3.93012886260001,4.02697951700001,3.630319411,17.1090628074,17.0611569849,16.9750675516,6.1332650536,6.1606624839,6.22459231490001,4.46757073710001,4.56804765460003,4.4117667249,5.18347227100002,5.025986893,5.27684064581003,6.61887208823001,6.97446302059998,6.74712966371002,5.32005666933999,5.77823138850002,5.8885888735,9.78051174989999,9.6244619321,9.61909378909999,7.96268318959999,7.97827732689999,8.23442424629998
5.81040789669999,6.11606270610001,5.9179588361,8.82964547500001,9.0605102991,9.43397955900003,10000,0.170610486200004,0.209758459700004,3.83597370720001,3.7425017088,3.9295672945,2.11300263838999,2.17963541198998,2.19641698861997,3.28636048520002,3.33086539824002,3.06441660297002,6.3283477165,6.0330907704,5.85772636560003,0.862696501100017,0.788952463100006,0.708244209699992,4.52649225579,4.28370528136001,4.8645577403,3.05795202230002,3.09251446240001,3.11892332630001,6.33266731639998,6.383742042,6.60602150799998,8.0771450884,8.03377792590002,8.00483891260002,4.6710540054,4.57584779509999,4.6751412441,5.42838434190002,5.3215408844,5.5044475341,4.359239608,4.587714746,4.31799333319,2.81510747077,2.60670483840001,2.84438157529002,6.22874402966,6.18110637049999,5.95382178550001,0.91668769089999,0.891182758899983,0.728557456099993,1.5098915294,1.5667629521,1.59505257269999
5.84748878250001,6.13457259190002,5.92577030190002,8.90778536079997,9.13865018489996,9.51211944479997,0.170610486200004,10000,0.240334438499994,3.86719581299999,3.76609259459999,3.97682058029999,2.09071890419001,2.15053117778999,2.18747333442001,3.35794399100001,3.40244890404001,3.06760760877001,6.40686096229999,6.10467427619998,5.9293098714,0.761151874900012,0.775784348900001,0.60999270549999,4.60463214159,4.36184516715999,4.94269762609999,2.97698846810001,3.01155090820001,3.1389625121,6.36974820220001,6.39975884780001,6.64310239379999,8.01692836260001,7.97356120010002,7.9446221868,4.68532891119998,4.59012270089999,4.68941614990002,5.49556582770002,5.38872237020001,5.5716290199,4.43082311380001,4.6548962318,4.38957683899,2.89324735656999,2.67828834420001,2.91596508109,6.30032753546001,6.25268987629999,6.02540529130002,0.842053625099997,0.782498781299997,0.684195440300005,1.5514023152,1.55096513790001,1.59550435850001
5.75482841099998,6.08686398040002,5.88876011040002,8.70025754929997,8.93112237339994,9.30459163329997,0.209758459700004,0.240334438499994,10000,3.7026242015,3.6165799831,3.80364556879999,2.07183707269,2.13846984629,2.15525142291999,3.11986073950001,3.16436565254001,2.89214381727,6.18750335079999,5.8665910247,5.69122661990001,0.687264621400002,0.608539097399993,0.541533549999984,4.39710433009001,4.15431735565999,4.7351698146,2.8811401766,2.9195455767,2.9837623606,6.27708783070001,6.33703435630001,6.55044202230003,8.18894051410001,8.14557335160002,8.11663433830003,4.50802045969998,4.41281424939998,4.51210769840001,5.26931237620001,5.16246891870001,5.3453755684,4.19689582230001,4.4286427803,4.15149358748999,2.68571954506999,2.4402050927,2.67947048959,6.06224428396,6.0146066248,5.78732203980002,1.07940995659999,1.00489400319999,0.869776495800004,1.3712643637,1.43160198639999,1.53023384700001
3.32911089749997,3.26203999889999,3.10760354889999,5.14296366780001,5.3905827519,5.74160257180002,3.83597370720001,3.86719581299999,3.7026242015,10000,0.272066457599993,0.237904427300002,2.69386066880999,2.78512147521001,2.56088159857997,1.48874282200001,1.46296240896001,1.96066932423002,3.55126180789999,3.3660512924,3.29789329460001,3.2822103181,3.29368938410001,3.37216472750002,1.69290579259001,1.26709628156002,1.91181677310001,1.9900645471,1.80500453120001,1.44586081710002,3.39914544919998,3.57495515479999,3.62570368079998,11.3674602356,11.3195544131,11.2334649798,1.81053447399998,1.75436694009998,1.9450021371,1.93928419470001,1.83244073720001,2.01534738690001,1.2302705622,1.33730346320001,1.32763823121,1.41795593643001,1.98332366880002,1.86316361191002,3.44923723646002,3.53188922910001,3.5303460999,4.35315901809999,4.21433376029999,4.16171867730001,2.56237623780002,2.43247453509999,2.7001701145
3.44271881989998,3.2397942773,3.0853578273,5.23279788620001,5.48041697029998,5.83143679019998,3.7425017088,3.76609259459999,3.6165799831,0.272066457599993,10000,0.24169226569999,2.53281579040999,2.62407659681,2.39983672017998,1.60059517360001,1.53599024256,1.99024294583001,3.67716328549999,3.49755577,3.42939777220001,3.1931362197,3.2303477057,3.28725910910002,1.71123185499001,1.29171195916002,1.9143469715,1.8489418735,1.66388185760001,1.30796734350001,3.37689972759999,3.5527094332,3.60345795919999,11.2776260172,11.2297201947,11.1436307614,2.00175559159998,1.94558805769999,2.13622325470001,2.04187241750001,1.95365162180001,2.1051816053,1.3680582638,1.4853678408,1.47853431281,1.37041643803,2.01025551040001,1.86611265351001,3.56006403074003,3.6577907067,3.6562475775,4.19211413969999,4.05328888189999,4.00067379890001,2.45565115940001,2.3050925567,2.5727881361
3.32753445539998,3.11450185159999,2.96006540160001,5.01753384050001,5.2651529246,5.61617274450002,3.9295672945,3.97682058029999,3.80364556879999,0.237904427300002,0.24169226569999,10000,2.76283007610999,2.85409088250999,2.62985100587996,1.6256496293,1.59236561626,2.10473419153001,3.52790933599999,3.36741206050001,3.28998902270001,3.38729900539998,3.4174132914,3.4878754948,1.58678889729001,1.14847508966002,1.76371473780001,2.014467291,1.82940727510001,1.44983036100001,3.25160730189999,3.4274170075,3.47816553349998,11.4928900629,11.4449842403999,11.3588948071,1.88304164209999,1.82687410819999,2.0425669984,1.82865918000002,1.73388292430002,1.88991755960001,1.2492783155,1.30358742450001,1.35975436451,1.49878112373,2.12386995610001,1.97972709921001,3.41081008124002,3.50853675720001,3.506993628,4.42212842539998,4.28330316759999,4.23068808459999,2.64163710509999,2.53057078239999,2.7982663618
4.29112673831002,4.17514700771001,3.84405835771001,7.51453955661001,7.76215864070997,8.11317846060998,2.11300263838999,2.09071890419001,2.07183707269,2.69386066880999,2.53281579040999,2.76283007610999,10000,0.146536752400003,0.24542476377,2.84685664680999,2.76715399984999,2.71040144458,5.77808811810998,5.26031567200998,5.23348200720999,1.88040396929001,1.93831395529,1.88971571869,3.4312240574,3.07023766297,3.84852830190999,2.26814628390999,2.57857318401,2.54969470790999,4.58465173800999,4.52980132361,4.82071042961,8.99588434679003,8.94797852428998,8.86188909099001,3.75340415718998,3.68859504128998,3.87945311829,4.56221494351001,4.46192694601001,4.62443999571,3.52347024961,3.74434992761,3.4822239748,1.98042729237998,2.33306699401,2.4815549169,5.49207207127,5.54120377210999,5.46186248311,2.04084774929,1.89862393149002,1.94317608848999,1.37345526499,1.17934221629,0.861100691689993
4.34523718471004,4.20309735411002,3.81677804411001,7.58739306301001,7.83501214710999,8.18603196701002,2.17963541198998,2.15053117778999,2.13846984629,2.78512147521001,2.62407659681,2.85409088250999,0.146536752400003,10000,0.316873629370016,2.98299783321001,2.90329518625,2.85693819697999,5.90178108451,5.38400863840999,5.35717497360999,1.94021624289001,1.99812622888999,1.94952799229,3.53650972380001,3.14309116937001,3.95381396831,2.37767117031001,2.70789387041,2.68583589431001,4.61260208440999,4.55775167001004,4.84866077600998,8.92303084039003,8.87512501788997,8.78903558459002,3.82610331678999,3.76129420089,3.95645055789,4.65347574991001,4.55318775241003,4.71570080211,3.61473105601,3.83561073401001,3.5734847812,2.10412025878,2.47960374641001,2.6100743273,5.61576503766999,5.66489673851001,5.59595101550999,2.07493764289,1.89679962509,2.00085266208998,1.47118883259,1.27707578389001,0.949434025290005
4.13116418808001,4.03117969748001,3.73829696748002,7.40809760637998,7.65571669047996,8.00673651037998,2.19641698861997,2.18747333442001,2.15525142291999,2.56088159857997,2.39983672017998,2.62985100587996,0.24542476377,0.316873629370016,10000,2.81876767657998,2.73906502962,2.67539205634999,5.75267356787997,5.23490112177998,5.20806745697996,1.97715839952,2.03506838551999,1.98647014892,3.43234662716999,3.01327783273999,3.84965087167998,2.19987679368,2.56382429378,2.52160573767999,4.44068442777998,4.39014297338001,4.67674311937998,9.10232629702002,9.05442047452001,8.96833104122002,3.59629174341996,3.53239140751997,3.73183738451998,4.42923587327999,4.32894787578,4.49146092547998,3.39049117937997,3.61137085737998,3.34924490456997,1.95501274214997,2.28800537377999,2.46563704666999,5.46665752104,5.51578922187998,5.41382728287998,2.21237775952,2.07818888172,2.05592575871998,1.36382437721999,1.16971132852,0.821519935919985
4.02725055149999,4.6967811409,4.54234469090001,5.8796078898,6.0807375139,6.35628357380001,3.28636048520002,3.35794399100001,3.11986073950001,1.48874282200001,1.60059517360001,1.6256496293,2.84685664680999,2.98299783321001,2.81876767657998,10000,0.310362570960008,0.710846002229993,3.21237445129999,2.8724179244,2.73334153659999,2.7687273561,2.7185081821,2.88946604550002,1.69926401058999,1.48968615616001,1.98487301509999,1.47091882310001,1.10150282720001,0.995463231099992,4.8338865912,5.00969629679999,5.0604448228,11.1304719536,11.0825661311,10.9964766978,2.12386158399999,2.13466667210001,2.2146668491,2.3520713167,2.2150569392,2.36395922889998,1.21665062280001,1.43320680079999,1.10530674798998,0.995624274430015,0.80828454680001,0.763725809910024,3.13942499646,3.04300475329999,2.91114741829999,4.10988947610001,3.9710642183,3.91844913530002,2.06053613580001,2.0447255531,2.47742761250001
4.03733687845998,4.70686746786,4.55243101786,5.85613121676,6.05105576085997,6.30213382075997,3.33086539824002,3.40244890404001,3.16436565254001,1.46296240896001,1.53599024256,1.59236561626,2.76715399984999,2.90329518625,2.73906502962,0.310362570960008,10000,0.811952564730015,3.22578247826001,2.78130303815998,2.60569179764,2.81323226914,2.77074847514001,2.93397095854002,1.71303899754999,1.46270042312001,2.01379844206001,1.54394352606,1.21753291616,1.12208100005999,4.84397291816,5.01978262375998,5.07053114976001,11.18683054664,11.13892472414,11.05283529084,1.98028711704,2.00021062314,2.07933582014,2.20884104365999,2.08582510616,2.26957767585998,1.16486238976,1.33882524775999,1.05534219494998,0.915921627470003,0.788721139839997,0.66082520295001,3.08505606741999,2.99492872426,2.96457044926,4.15439438913999,4.01556913133999,3.96295404834003,2.04984708884001,2.01355724614001,2.40047024554
4.41471893373001,5.08424952312999,4.92981307313002,6.39755551202999,6.62842033612997,7.00188959603,3.06441660297002,3.06760760877001,2.89214381727,1.96066932423002,1.99024294583001,2.10473419153001,2.71040144458,2.85693819697999,2.67539205634999,0.710846002229993,0.811952564730015,10000,3.81199959352998,3.37537738742999,3.21265806837,2.37935987387001,2.36061429987002,2.50009856327002,2.28900373282,2.10063815839002,2.62804165733,1.46250625933001,1.24269636343,1.15753624733001,5.22135497343001,5.39716467903002,5.44791320503001,10.64131965137,10.59341382887,10.50732439557,2.41021685577,2.42092305987,2.49386743686999,2.99136007893001,2.85434570143001,3.00956525112999,1.83983578503001,2.07881282302999,1.75091277021998,1.36861722820001,0.976940574570007,1.08137869168002,3.59557710668999,3.49470148753,3.25051229852999,3.72052199387002,3.58169673607,3.52908165307002,2.00175922157002,1.81860216086999,2.19613772427002
5.28059506859997,5.40639695979999,5.65297014879998,5.41802317849998,5.47993998259999,5.5650106825,6.3283477165,6.40686096229999,6.18750335079999,3.55126180789999,3.67716328549999,3.52790933599999,5.77808811810998,5.90178108451,5.75267356787997,3.21237445129999,3.22578247826001,3.81199959352998,10000,0.800598066100008,0.792482670899995,5.81071458739998,5.7823245334,5.93145327679999,2.61317598309,2.80881355513999,2.34076376339999,4.49448821300001,4.0320399171,3.76052483499998,5.32599631109998,5.56472987069999,5.4978051219,14.1123277049001,14.0644218824,13.9783324491,3.1250514911,3.21962458139998,3.2985058124,2.317231486,2.33270503769999,2.227305874,2.6201195457,2.5083296245,2.61527419731,3.79766082573001,3.7927068181,3.50803286121,0.870610417959989,0.806422942599987,0.976033214399996,7.15187670739998,7.0130514496,6.96043636659999,5.0769969871,5.06118640439999,5.4938884638
5.1652630531,5.4755765949,5.66375877330001,5.66464682459996,5.7265636287,5.81163432860001,6.0330907704,6.10467427619998,5.8665910247,3.3660512924,3.49755577,3.36741206050001,5.26031567200998,5.38400863840999,5.23490112177998,2.8724179244,2.78130303815998,3.37537738742999,0.800598066100008,10000,0.476177436799989,5.5154576413,5.46523846729998,5.6361963307,2.36810776758999,2.64451133084,2.39418821090001,4.2637934675,3.9035307236,3.70847581949999,5.45038333919999,5.68911689880001,5.62219215000002,13.8204230588,13.7725172363,13.686427803,2.82128092500001,2.9343185733,2.95708018430001,2.3178025105,2.2776617022,2.2168042585,2.3690277502,2.28225434319999,2.27743876319,3.37668051963,3.42638593199998,3.18870919510999,0.905231284060005,0.798691549499994,1.01205267549999,6.85661976129999,6.71779450349999,6.66517942049999,4.75931066899999,4.7157826183,4.9984243977
5.11764597529999,5.47832963530001,5.65701620690001,5.8126104494,5.87452725349999,5.9595979534,5.85772636560003,5.9293098714,5.69122661990001,3.29789329460001,3.42939777220001,3.28998902270001,5.23348200720999,5.35717497360999,5.20806745697996,2.73334153659999,2.60569179764,3.21265806837,0.792482670899995,0.476177436799989,10000,5.34009323650001,5.28987406250002,5.4608319259,2.30025942979001,2.56708829304,2.2552112113,4.0875885297,3.7166479458,3.52159304169999,5.4531363796,5.69186993919998,5.62494519040001,13.547715314,13.4998094915,13.4137200582,2.51261434020001,2.63486929050001,2.68077080150001,2.1838512527,2.1597411644,2.09772696070001,2.32141067240001,2.2086157654,2.24280936539001,3.25305471483001,3.2510215272,3.01334479031001,0.824090846059997,0.578972001899999,0.840940927899995,6.6812553565,6.5424300987,6.48981501569999,4.57670805620001,4.5404182135,4.9492823529
5.57498272760001,5.913559237,5.71545536700001,8.31826378589999,8.54912861000001,8.92259786989999,0.862696501100017,0.761151874900012,0.687264621400002,3.2822103181,3.1931362197,3.38729900539998,1.88040396929001,1.94021624289001,1.97715839952,2.7687273561,2.81323226914,2.37935987387001,5.81071458739998,5.5154576413,5.34009323650001,10000,0.253082682000011,0.187551511400024,4.01511056669001,3.77232359226001,4.35317605119999,2.2909375132,2.3254999533,2.4311837372,6.09724214729999,6.15463237290002,6.37059633890001,8.47098053750001,8.42761337500001,8.39867436170002,4.12467222389998,4.05019850799998,4.189414145,4.9151491128,4.80830565530001,4.99121230499999,3.84273255889999,4.07447951689999,3.80036020408998,2.30372578166999,2.0890717093,2.32674844619,5.71111090055998,5.66347324139999,5.43618865639998,1.39282873200001,1.32858262220001,1.22964131520002,1.22663133570001,1.193407263,1.32010534640001
5.59191427359998,5.97146922299999,5.77336535300001,8.31778127190002,8.54864609599997,8.92211535589996,0.788952463100006,0.775784348900001,0.608539097399993,3.29368938410001,3.2303477057,3.4174132914,1.93831395529,1.99812622888999,2.03506838551999,2.7185081821,2.77074847514001,2.36061429987002,5.7823245334,5.46523846729998,5.28987406250002,0.253082682000011,10000,0.297914277400009,4.01462805269001,3.77184107826001,4.3526935372,2.2991298792,2.33370901930001,2.4337916832,6.1141736933,6.21254235890001,6.38752788489999,8.4854723315,8.44210516900001,8.41316615570002,4.13474672189999,4.060273006,4.19948864300001,4.89066235880001,4.7838189013,4.96672555100001,3.8182458049,4.04999276289999,3.76389115008999,2.30324326767,2.03885253530001,2.29275429219,5.66089172656001,5.61325406740001,5.38596948239998,1.47582901399999,1.3846211142,1.26619555320001,1.2284685537,1.21033880899999,1.3596365644
5.60073297700002,5.92287098640001,5.7247671164,8.41884027529999,8.64970509939999,9.0231743593,0.708244209699992,0.60999270549999,0.541533549999984,3.37216472750002,3.28725910910002,3.4878754948,1.88971571869,1.94952799229,1.98647014892,2.88946604550002,2.93397095854002,2.50009856327002,5.93145327679999,5.6361963307,5.4608319259,0.187551511400024,0.297914277400009,10000,4.11568705609002,3.87290008166002,4.45375254060001,2.42627090260002,2.46083334270002,2.54375104660002,6.1229923967,6.1639441223,6.39634658829998,8.35831440810001,8.31494724559999,8.28600823230001,4.2297221657,4.1371183686,4.27633400560002,5.04005628220004,4.93321282470004,5.11611947440002,3.96763972830002,4.19938668630002,3.92109889349001,2.40430227107001,2.20981039870001,2.44748713559001,5.83184958996001,5.78421193080001,5.55692734580001,1.27210641059998,1.17750525079998,1.0785639438,1.2327744697,1.2191575124,1.321552993
3.42727437051,3.40922881031001,3.47873785450999,4.75068937921001,4.90205016331,5.11789710321001,4.52649225579,4.60463214159,4.39710433009001,1.69290579259001,1.71123185499001,1.58678889729001,3.4312240574,3.53650972380001,3.43234662716999,1.69926401058999,1.71303899754999,2.28900373282,2.61317598309,2.36810776758999,2.30025942979001,4.01511056669001,4.01462805269001,4.11568705609002,10000,0.61975531735,0.504352664510001,2.46995226791,1.98954783201,1.63925821790999,3.54633426060999,3.72214396621,3.77289249221001,12.38037824419,12.33247242169,12.24638298839,2.45239073039,2.53513876069001,2.68934437168999,1.69015362309,1.60729014359,1.62686144909001,1.25587508379001,1.21778124579,1.27169850260002,1.95943076502001,2.28994745738999,2.0569290005,2.49607672833001,2.59380340429,2.59226027509,5.05182718669001,4.89577736888999,4.89040922589001,3.08706724639,3.08118714369,3.35228026309001
3.45981234785999,3.27641838474001,3.13040262833999,4.74292199364001,4.94405161774,5.19512967764001,4.28370528136001,4.36184516715999,4.15431735565999,1.26709628156002,1.29171195916002,1.14847508966002,3.07023766297,3.14309116937001,3.01327783273999,1.48968615616001,1.46270042312001,2.10063815839002,2.80881355513999,2.64451133084,2.56708829304,3.77232359226001,3.77184107826001,3.87290008166002,0.61975531735,10000,0.843659158939998,2.34115002666,1.86074559076001,1.53498840865999,3.41352383504,3.58933354064,3.64008206664001,12.06612200976,12.01821618726,11.93212675396,2.01060179596001,2.09334982626,2.24755543726002,1.55276972925999,1.47988556216,1.59708303274,0.985608471160016,1.06948199116,0.984116128169993,1.64353281059001,2.03960888296001,1.87726602607,2.72023204030001,2.77381911713998,2.76743851833999,4.73757095226002,4.58152113446,4.57615299146002,2.81419319196002,2.82800304926,3.08414996866
3.61374480459999,3.3018292858,3.42415784539999,4.59083337469998,4.7421941588,4.95804109870002,4.8645577403,4.94269762609999,4.7351698146,1.91181677310001,1.9143469715,1.76371473780001,3.84852830190999,3.95381396831,3.84965087167998,1.98487301509999,2.01379844206001,2.62804165733,2.34076376339999,2.39418821090001,2.2552112113,4.35317605119999,4.3526935372,4.45375254060001,0.504352664510001,0.843659158939998,10000,2.77964183800001,2.26889269790001,1.952928474,3.43893473610001,3.61474444170001,3.66549296769999,12.6396883487,12.5917825262,12.5056930929,2.80262317490002,2.8853712052,3.03957681620001,1.83540130380001,1.77532899850001,1.75884043740002,1.5704863123,1.5084711663,1.62426392711001,2.22441828953001,2.5755564619,2.34253800501,2.32929140864,2.33024872459999,2.33698225539998,5.31113729119999,5.15508747339999,5.1497193304,3.39326137090001,3.4088555082,3.7844240876
3.92466649439999,4.3386119238,4.14050805380001,6.74472957269998,6.97559439679999,7.3490636567,3.05795202230002,2.97698846810001,2.8811401766,1.9900645471,1.8489418735,2.014467291,2.26814628390999,2.37767117031001,2.19987679368,1.47091882310001,1.54394352606,1.46250625933001,4.49448821300001,4.2637934675,4.0875885297,2.2909375132,2.2991298792,2.42627090260002,2.46995226791,2.34115002666,2.77964183800001,10000,0.717556000100007,0.955818830000016,4.44692591409998,4.57968505969999,4.72351158570001,10.1144341907,10.1174911082,10.0450131149,3.03175421709999,2.9751996352,3.13558769219998,3.452563191,3.35268829530001,3.47014183699999,2.44642132129999,2.67858352829999,2.44043146830998,1.33486412353,1.54682564390002,1.59185784301002,4.38515558824001,4.3861129042,4.309123415,3.2099056932,3.0949846754,3.04647229240001,1.93893873290001,1.68006357019999,1.84746650959999
3.93626379429999,4.4169479237,4.21884405370002,6.2339804326,6.4648452567,6.83831451660003,3.09251446240001,3.01155090820001,2.9195455767,1.80500453120001,1.66388185760001,1.82940727510001,2.57857318401,2.70789387041,2.56382429378,1.10150282720001,1.21753291616,1.24269636343,4.0320399171,3.9035307236,3.7166479458,2.3254999533,2.33370901930001,2.46083334270002,1.98954783201,1.86074559076001,2.26889269790001,0.717556000100007,10000,0.409961714100009,4.52303337400001,4.6580210596,4.80184758560001,10.5086250508,10.5116819683,10.439203975,2.73222150519999,2.72370939130001,2.8527733883,3.0259362151,2.93771541940001,3.0551689611,2.0314484454,2.2636106524,2.02545859240999,1.42167591163,1.313450324,1.23843420711,4.02489284434001,4.02585016030001,3.9450250111,3.3397325333,3.19786795549999,3.1543673925,2.08588163300001,1.86830977029999,2.2017698897
3.69896909039999,4.1861880198,3.98808414980001,5.91801620869999,6.1488810328,6.52235029270002,3.11892332630001,3.1389625121,2.9837623606,1.44586081710002,1.30796734350001,1.44983036100001,2.54969470790999,2.68583589431001,2.52160573767999,0.995463231099992,1.12208100005999,1.15753624733001,3.76052483499998,3.70847581949999,3.52159304169999,2.4311837372,2.4337916832,2.54375104660002,1.63925821790999,1.53498840865999,1.952928474,0.955818830000016,0.409961714100009,10000,4.2922734701,4.44851029570001,4.5710876817,10.7509976147,10.7030917922,10.6170023589,2.61853300109998,2.56486642719999,2.69867304419999,2.746931581,2.65871078529999,2.77616432699998,1.75244381129998,1.98460601829999,1.74645395830997,1.25312819553001,1.3114679879,1.25442315100999,3.82983794023999,3.83079525619999,3.74997010699998,3.53380493720001,3.39497967940001,3.34236459640001,1.92792159690001,1.8114822342,2.17416863360001
1.75287640449998,0.959199566300002,1.27001655429999,3.33148995860001,3.5791090427,3.93012886260001,6.33266731639998,6.36974820220001,6.27708783070001,3.39914544919998,3.37689972759999,3.25160730189999,4.58465173800999,4.61260208440999,4.44068442777998,4.8338865912,4.84397291816,5.22135497343001,5.32599631109998,5.45038333919999,5.4531363796,6.09724214729999,6.1141736933,6.1229923967,3.54633426060999,3.41352383504,3.43893473610001,4.44692591409998,4.52303337400001,4.2922734701,10000,0.285059348399997,0.426923011600007,13.2061245848,13.1310281223,13.044938689,4.549534831,4.5290988013,4.62435269229999,3.31958359010001,3.414991652,3.39243918969999,3.92697260839998,3.89010883039998,4.11783086320999,4.60996170563,5.32431739800001,5.21968726110998,4.89163696514002,5.24003719569998,5.29746809969999,6.40661530729999,6.2298319895,6.26562690649999,5.20703708699998,4.99990148430002,4.82749316370001
1.9572643201,0.844950507900009,1.10468619590001,3.42834061300001,3.6759596971,4.02697951700001,6.383742042,6.39975884780001,6.33703435630001,3.57495515479999,3.5527094332,3.4274170075,4.52980132361,4.55775167001004,4.39014297338001,5.00969629679999,5.01978262375998,5.39716467903002,5.56472987069999,5.68911689880001,5.69186993919998,6.15463237290002,6.21254235890001,6.1639441223,3.72214396621,3.58933354064,3.61474444170001,4.57968505969999,4.6580210596,4.44851029570001,0.285059348399997,10000,0.439936994599989,13.1623937704,13.0341774679,12.9480880346,4.7253445366,4.7049085069,4.80016239790001,3.5583171497,3.61791906839999,3.63117274929999,4.10278231399999,4.065918536,4.29364056880999,4.78577141122999,5.50012710360001,5.39549696671,5.13037052473999,5.4787707553,5.53620165930001,6.43662595290001,6.2598426351,6.2956375521,5.38284679259999,5.1757111899,5.0033028693
1.82044612530002,0.932492447899989,1.38133859589999,3.05652612700001,3.30268763109999,3.630319411,6.60602150799998,6.64310239379999,6.55044202230003,3.62570368079998,3.60345795919999,3.47816553349998,4.82071042961,4.84866077600998,4.67674311937998,5.0604448228,5.07053114976001,5.44791320503001,5.4978051219,5.62219215000002,5.62494519040001,6.37059633890001,6.38752788489999,6.39634658829998,3.77289249221001,3.64008206664001,3.66549296769999,4.72351158570001,4.80184758560001,4.5710876817,0.426923011600007,0.439936994599989,10000,13.5902920764,13.4308375739,13.3447481406,4.77609306259998,4.75565703289998,4.8509109239,3.52707452610001,3.6415498836,3.56424800050001,4.15353083999999,4.116667062,4.34438909481,4.83651993723,5.55087562960002,5.44624549271001,5.06344577594,5.4118460065,5.46927691049999,6.6799694989,6.50318618109999,6.53898109809999,5.4335953186,5.23354365590002,5.09322667530001
13.0961958851001,12.9080478545,12.3311445245,16.5104239034,16.7580429875,17.1090628074,8.0771450884,8.01692836260001,8.18894051410001,11.3674602356,11.2776260172,11.4928900629,8.99588434679003,8.92303084039003,9.10232629702002,11.1304719536,11.18683054664,10.64131965137,14.1123277049001,13.8204230588,13.547715314,8.47098053750001,8.4854723315,8.35831440810001,12.38037824419,12.06612200976,12.6396883487,10.1144341907,10.5086250508,10.7509976147,13.2061245848,13.1623937704,13.5902920764,10000,0.435375412500012,0.366436325800004,12.0165374938,11.9309958835,12.0452809325,13.3067444303,13.1999009728,13.3828076225,12.2343278764,12.4660748344,12.17997322159,10.63354011917,10.4471768268001,10.70883636369,13.84667043806,13.7002910389,13.4638360739,7.6308819375,7.72758917530002,7.68169833830002,9.29630509780002,9.29919110049999,9.02809798110002
13.0482900626,12.821704412,12.205384722,16.4625180809,16.710137165,17.0611569849,8.03377792590002,7.97356120010002,8.14557335160002,11.3195544131,11.2297201947,11.4449842403999,8.94797852428998,8.87512501788997,9.05442047452001,11.0825661311,11.13892472414,10.59341382887,14.0644218824,13.7725172363,13.4998094915,8.42761337500001,8.44210516900001,8.31494724559999,12.33247242169,12.01821618726,12.5917825262,10.1174911082,10.5116819683,10.7030917922,13.1310281223,13.0341774679,13.4308375739,0.435375412500012,10000,0.1628892713,12.0690422713,11.983500661,12.09778571,13.2588386078,13.1519951503,13.3349018,12.1864220539,12.4181690119,12.13206739909,10.58563429667,10.3992710043,10.66093054119,13.79876461556,13.7436254364,13.5163408514,7.63847751500003,7.73518475280002,7.6892939158,9.24839927530005,9.25128527799997,8.98019215859998
12.9622006293,12.7356149787,12.1192952887,16.3764286476001,16.6240477317,16.9750675516,8.00483891260002,7.9446221868,8.11663433830003,11.2334649798,11.1436307614,11.3588948071,8.86188909099001,8.78903558459002,8.96833104122002,10.9964766978,11.05283529084,10.50732439557,13.9783324491,13.686427803,13.4137200582,8.39867436170002,8.41316615570002,8.28600823230001,12.24638298839,11.93212675396,12.5056930929,10.0450131149,10.439203975,10.6170023589,13.044938689,12.9480880346,13.3447481406,0.366436325800004,0.1628892713,10000,11.959994978,11.8744533677,11.9887384167,13.1727491745,13.065905717,13.2488123667,12.1003326206,12.3320795786,12.04597796579,10.49954486337,10.313181571,10.57484110789,13.71267518226,13.6345781431,13.4072935581,7.62314994170001,7.71985717950001,7.67396634250002,9.16230984200004,9.16519584470001,8.89410272529999
4.3971934355,4.45877276070001,4.33052645070001,5.74915118960002,5.8905720337,6.1332650536,4.6710540054,4.68532891119998,4.50802045969998,1.81053447399998,2.00175559159998,1.88304164209999,3.75340415718998,3.82610331678999,3.59629174341996,2.12386158399999,1.98028711704,2.41021685577,3.1250514911,2.82128092500001,2.51261434020001,4.12467222389998,4.13474672189999,4.2297221657,2.45239073039,2.01060179596001,2.80262317490002,3.03175421709999,2.73222150519999,2.61853300109998,4.549534831,4.7253445366,4.77609306259998,12.0165374938,12.0690422713,11.959994978,10000,0.150556810299994,0.261609841299982,1.82526269650001,1.73559393900001,1.9117808487,1.5998571588,1.6642679788,1.58325214598999,2.41569438956999,2.42971209719997,2.30551390009,2.65432839426001,2.5444108911,2.53192093609999,5.42783419629998,5.28498713849996,5.24246905549998,3.45080789599998,3.33223196089998,3.47185683269999
4.36042852159998,4.44887347099999,4.32062716100001,5.7765486199,5.91796946399999,6.1606624839,4.57584779509999,4.59012270089999,4.41281424939998,1.75436694009998,1.94558805769999,1.82687410819999,3.68859504128998,3.76129420089,3.53239140751997,2.13466667210001,2.00021062314,2.42092305987,3.21962458139998,2.9343185733,2.63486929050001,4.05019850799998,4.060273006,4.1371183686,2.53513876069001,2.09334982626,2.8853712052,2.9751996352,2.72370939130001,2.56486642719999,4.5290988013,4.7049085069,4.75565703289998,11.9309958835,11.983500661,11.8744533677,0.150556810299994,10000,0.235322957000005,1.86319686680001,1.77352810930001,1.949715019,1.6829278249,1.7243193449,1.66681641208999,2.35030955367,2.3779029013,2.28853824419001,2.72914744256,2.6558810794,2.6449585844,5.33262798599998,5.18978092819997,5.14726284519998,3.35950861229999,3.25775824499999,3.3919802616
4.4259862526,4.539771362,4.41152505200001,5.84047845090001,5.98189929499999,6.22459231490001,4.6751412441,4.68941614990002,4.51210769840001,1.9450021371,2.13622325470001,2.0425669984,3.87945311829,3.95645055789,3.73183738451998,2.2146668491,2.07933582014,2.49386743686999,3.2985058124,2.95708018430001,2.68077080150001,4.189414145,4.19948864300001,4.27633400560002,2.68934437168999,2.24755543726002,3.03957681620001,3.13558769219998,2.8527733883,2.69867304419999,4.62435269229999,4.80016239790001,4.8509109239,12.0452809325,12.09778571,11.9887384167,0.261609841299982,0.235322957000005,10000,1.92277069780001,1.8331019403,2.00928885,1.7846050159,1.8490158359,1.74971446309,2.53476393067002,2.50809373830001,2.43159920119001,2.82323581356001,2.6659172104,2.66772019539999,5.43192143499999,5.28907437720001,5.24655629420001,3.49872424930002,3.396973882,3.54618749859999
3.1854263986,3.34477684580001,3.5312507574,4.2355832731,4.3472689172,4.46757073710001,5.42838434190002,5.49556582770002,5.26931237620001,1.93928419470001,2.04187241750001,1.82865918000002,4.56221494351001,4.65347574991001,4.42923587327999,2.3520713167,2.20884104365999,2.99136007893001,2.317231486,2.3178025105,2.1838512527,4.9151491128,4.89066235880001,5.04005628220004,1.69015362309,1.55276972925999,1.83540130380001,3.452563191,3.0259362151,2.746931581,3.31958359010001,3.5583171497,3.52707452610001,13.3067444303,13.2588386078,13.1727491745,1.82526269650001,1.86319686680001,1.92277069780001,10000,0.137014377499994,0.176679912199997,1.15152429389999,0.921240395899993,1.26679672870999,2.74157405113002,2.88719444349999,2.61861686661002,2.14485811124,2.28929060719999,2.28672375799999,6.22151329279999,6.08268803500001,6.03007295200003,4.1169659925,4.08067614980001,4.3633179292
3.24813296569998,3.40437876450001,3.5830653361,4.33606019060001,4.44774583470001,4.56804765460003,5.3215408844,5.38872237020001,5.16246891870001,1.83244073720001,1.95365162180001,1.73388292430002,4.46192694601001,4.55318775241003,4.32894787578,2.2150569392,2.08582510616,2.85434570143001,2.33270503769999,2.2776617022,2.1597411644,4.80830565530001,4.7838189013,4.93321282470004,1.60729014359,1.47988556216,1.77532899850001,3.35268829530001,2.93771541940001,2.65871078529999,3.414991652,3.61791906839999,3.6415498836,13.1999009728,13.1519951503,13.065905717,1.73559393900001,1.77352810930001,1.8331019403,0.137014377499994,10000,0.191189549699994,1.0168326764,0.7842260184,1.12978235121,2.64128605363002,2.76417850599999,2.51724220911001,2.15599620294001,2.28145747889999,2.27889062969999,6.12122529529999,5.98240003750002,5.92978495450004,4.01667799500001,3.98038815230001,4.26302993170001
3.20470185879999,3.4176324454,3.59631901699998,4.17977926089999,4.29146490499998,4.4117667249,5.5044475341,5.5716290199,5.3453755684,2.01534738690001,2.1051816053,1.88991755960001,4.62443999571,4.71570080211,4.49146092547998,2.36395922889998,2.26957767585998,3.00956525112999,2.227305874,2.2168042585,2.09772696070001,4.99121230499999,4.96672555100001,5.11611947440002,1.62686144909001,1.59708303274,1.75884043740002,3.47014183699999,3.0551689611,2.77616432699998,3.39243918969999,3.63117274929999,3.56424800050001,13.3828076225,13.3349018,13.2488123667,1.9117808487,1.949715019,2.00928885,0.176679912199997,0.191189549699994,10000,1.1855186861,0.930752428099997,1.25865248091,2.80379910333001,2.94793107569998,2.67580045881003,2.05144047924001,2.2150008552,2.212434006,6.28373834499998,6.14491308719999,6.0922980042,4.17919104469999,4.142901202,4.42554298140001
3.39581471669997,3.78986715809999,3.69382029349998,4.83529734699998,4.96164625109999,5.18347227100002,4.359239608,4.43082311380001,4.19689582230001,1.2302705622,1.3680582638,1.2492783155,3.52347024961,3.61473105601,3.39049117937997,1.21665062280001,1.16486238976,1.83983578503001,2.6201195457,2.3690277502,2.32141067240001,3.84273255889999,3.8182458049,3.96763972830002,1.25587508379001,0.985608471160016,1.5704863123,2.44642132129999,2.0314484454,1.75244381129998,3.92697260839998,4.10278231399999,4.15353083999999,12.2343278764,12.1864220539,12.1003326206,1.5998571588,1.6829278249,1.7846050159,1.15152429389999,1.0168326764,1.1855186861,10000,0.288461487000005,0.190858254810012,1.72655965723001,1.8619302496,1.68159411271002,2.46860032766002,2.5350017269,2.53243487770001,5.1827685989,5.04394334109999,4.99132825810001,3.07822129859999,3.0419314559,3.3245732353
3.41053009669999,3.75300338010001,3.7550360425,4.77395120900001,4.88563685309999,5.025986893,4.587714746,4.6548962318,4.4286427803,1.33730346320001,1.4853678408,1.30358742450001,3.74434992761,3.83561073401001,3.61137085737998,1.43320680079999,1.33882524775999,2.07881282302999,2.5083296245,2.28225434319999,2.2086157654,4.07447951689999,4.04999276289999,4.19938668630002,1.21778124579,1.06948199116,1.5084711663,2.67858352829999,2.2636106524,1.98460601829999,3.89010883039998,4.065918536,4.116667062,12.4660748344,12.4181690119,12.3320795786,1.6642679788,1.7243193449,1.8490158359,0.921240395899993,0.7842260184,0.930752428099997,0.288461487000005,10000,0.34555633281,1.92370903523,2.01889800759998,1.81722607071001,2.36648134966001,2.4222068199,2.4196399707,5.40364827689997,5.26482301909999,5.2122079361,3.29910097659999,3.2628111339,3.5454529133
3.52540688950998,3.98072541290999,3.84667536250998,4.98401696181002,5.09570260591001,5.27684064581003,4.31799333319,4.38957683899,4.15149358748999,1.32763823121,1.47853431281,1.35975436451,3.4822239748,3.5734847812,3.34924490456997,1.10530674798998,1.05534219494998,1.75091277021998,2.61527419731,2.27743876319,2.24280936539001,3.80036020408998,3.76389115008999,3.92109889349001,1.27169850260002,0.984116128169993,1.62426392711001,2.44043146830998,2.02545859240999,1.74645395830997,4.11783086320999,4.29364056880999,4.34438909481,12.17997322159,12.13206739909,12.04597796579,1.58325214598999,1.66681641208999,1.74971446309,1.26679672870999,1.12978235121,1.25865248091,0.190858254810012,0.34555633281,10000,1.67704010242,1.77118919478998,1.5933279579,2.47342592247002,2.47544611931,2.46119928431,5.14152232408998,5.00269706628999,4.95008198328999,3.03697502378998,3.00068518108999,3.28332696048999
