10000,0.0353657126701356,0.0445147460007123,0.0811897619019767,0.0877045816732395,0.0912452524605414,0.108832812859221,0.105590856869526,0.1052341005042,0.0400125321314851,0.0410539124131374,0.0415565563432991,0.0963171583930265,0.0978649405758928,0.0908094256428336,0.0588247375329507,0.0571337976700699,0.0607637013300144,0.107009427321292,0.107364891180071,0.104991563329527,0.0912469549247324,0.090356574547386,0.0908687251254303,0.0763294104726155,0.0835938150691008,0.0771837409887234,0.0767299936107281,0.073341118772424,0.0725220248271072,0.0280461248170723,0.0343179400717508,0.0332804415824292,0.208316256748379,0.214168060400216,0.209774818418424,0.102347995014057,0.0978983437170212,0.10172193760525,0.0581619824083904,0.0589653270249659,0.0583011788293923,0.0513002059062005,0.0521766441945217,0.0544779246782868,0.0656620499694119,0.0665568686165838,0.0660648064986023,0.107349663255441,0.109828736144561,0.114858752531495,0.111259643513133,0.106646942271337,0.10452618522126,0.0946583667583315,0.0907797669336837,0.100797735046257
0.0353657126701356,10000,0.017307743368418,0.104938147981537,0.111542315283664,0.115036331296295,0.0910685628295735,0.0881379999508519,0.0885293703836479,0.0431905326884588,0.0431546959362615,0.0448668824181791,0.0734906654581981,0.0738283988855096,0.0684072141051839,0.0634228400975896,0.0618058668048436,0.066603822657086,0.129823444646427,0.130448579452593,0.126942614930094,0.0754416341154782,0.0749404839645338,0.074699949308781,0.0824415349895619,0.0866115569035025,0.0833690800373391,0.0719917969761448,0.0704931171015708,0.0703055201539218,0.0261640532199915,0.0207716743861017,0.0221896870265988,0.183138664981965,0.188565212467683,0.184226750640269,0.125139298168646,0.121234689999762,0.124977347167286,0.079002525843436,0.0783280044803446,0.0792007993845217,0.0653742914967823,0.0673882945864869,0.0697779963088754,0.0576727681948533,0.0647344213967413,0.0651989907075464,0.13121838839369,0.134189573395974,0.139067756340001,0.0909299750973063,0.0872948834322187,0.0855061215809066,0.0814904001448581,0.077887285562255,0.0866158471001291
0.0445147460007123,0.017307743368418,10000,0.115905651912332,0.122441500851377,0.125732346846315,0.0843281827133009,0.0816475654343561,0.0823512126726977,0.0493598155215614,0.0495528182700059,0.0511622433953057,0.0644379728378113,0.0650610706104816,0.0600364560666086,0.0685285452291731,0.0668719033455245,0.0714458011245558,0.138681011877924,0.139755979607748,0.135877665287528,0.0703252153110343,0.0696185034139856,0.0691233447499647,0.0866197850788328,0.0891767251943571,0.0873867012119684,0.0699158664003325,0.0712553980871181,0.0709638813903514,0.0350792933580039,0.0255691451711017,0.0291762405300167,0.172687293795123,0.178111962635237,0.173740599354109,0.135624769833116,0.131560662624494,0.135198895500069,0.0883203686716477,0.0877924013041886,0.0886162917715146,0.0735842228525494,0.0760473446710411,0.0777837051704335,0.0574756128466273,0.0659483365681633,0.0675605181736446,0.141178184764891,0.144247221468204,0.149156041126615,0.0830505818506025,0.0798452552575857,0.0778693045059023,0.0766345358864623,0.0733946680790238,0.081863523640628
0.0811897619019767,0.104938147981537,0.115905651912332,10000,0.0146795973792025,0.0190521206965341,0.172726291935522,0.169729525996724,0.168198642415549,0.0923154789848904,0.0923048715363871,0.0896457395394062,0.166560261109951,0.168786052022525,0.16016406458744,0.097922408023768,0.0977116278967919,0.0989516049848019,0.0672141806523978,0.0672889342609548,0.0680419134821858,0.156824884548697,0.156282002020894,0.157156028156054,0.0982513862803822,0.107037661895744,0.0977361431536298,0.127927905168687,0.118201039475085,0.117097337990768,0.0863936588433801,0.0974360964891367,0.0944821486031616,0.282213116753214,0.287892601019101,0.283464294852668,0.0554591091463233,0.0541991335058585,0.0543686828850414,0.0559374871800138,0.0575462555272008,0.0547428481746264,0.0758661649293938,0.0729488692105392,0.075582397682319,0.121143235161008,0.115265598707513,0.111850920955043,0.0571185682047413,0.0618841550620365,0.0632932569243837,0.180802313856044,0.176309926476905,0.174105646502277,0.151795962654909,0.147621568131319,0.156189681207369
0.0877045816732395,0.111542315283664,0.122441500851377,0.0146795973792025,10000,0.0163749436407332,0.178416810628341,0.175556850261582,0.173763953506147,0.09849934621983,0.0984212486455151,0.0958289015547229,0.172798721411841,0.175124888403507,0.166477169068244,0.103050353705781,0.102893434873773,0.104160443128396,0.0663084131538462,0.06638663952883,0.0675790034050769,0.162681819433361,0.162401218904407,0.163215098518209,0.101648454466539,0.109647404536613,0.101281770814338,0.132406182711325,0.1225528002662,0.121825941953505,0.0928653782879304,0.104342767275969,0.100943228658175,0.288503037424286,0.294205357889454,0.289659636794798,0.0541445248622512,0.053414085067389,0.0531089103730237,0.0604191255007033,0.0626534105124478,0.0591150745486123,0.0814793939338799,0.07846509176785,0.0803621230268588,0.126911146305874,0.12072972034045,0.117302793723102,0.0557631340641975,0.0608584049181548,0.0611895825098993,0.18717599089073,0.182568264713513,0.180284595521599,0.156718846558156,0.152790168777922,0.160850951644033
0.0912452524605414,0.115036331296295,0.125732346846315,0.0190521206965341,0.0163749436407332,10000,0.180519147455936,0.177808484737728,0.176245048828629,0.101442974449048,0.101159816680236,0.0983265823980512,0.175287596329235,0.177871324167797,0.168710508945199,0.105445833507049,0.10505474139184,0.105895739025417,0.065380301801431,0.0648857288023025,0.0662548095459932,0.165338864845427,0.164875068411065,0.166000668942226,0.103177520764859,0.111290737733677,0.102190570933841,0.134659931069618,0.125054034874214,0.123283468874299,0.0964038153496737,0.107426662327233,0.104021379819042,0.29136502616829,0.296913389249695,0.292572658845138,0.0552414582982707,0.0527961512799225,0.052693949798803,0.0617758747982177,0.0631382750549133,0.0606641140278493,0.0828314798251483,0.0802769831256225,0.0822155530754879,0.128776840225006,0.122590891166509,0.118713622672176,0.055295841619359,0.0600517896780919,0.0614221547355698,0.189445868556457,0.185300653306059,0.183172025858836,0.15859145300899,0.154782579271895,0.162590715882611
0.108832812859221,0.0910685628295735,0.0843281827133009,0.172726291935522,0.178416810628341,0.180519147455936,10000,0.0119137425554238,0.0182151753784082,0.0865167151801122,0.0860030351471888,0.0876195470127294,0.0337252550685364,0.0369648412141434,0.0347625238059168,0.0818326644486835,0.081246984510354,0.0825183095519129,0.165243057685161,0.166947696676568,0.161519320229884,0.0354629945556397,0.0352103702408596,0.0339255680489428,0.0967076620951854,0.094886772111318,0.0979785035215064,0.0649630665613806,0.0718287019108679,0.0720619593110448,0.102514371593061,0.0956016404552202,0.0969158991080031,0.124739649669287,0.130641894473365,0.126140889820566,0.171746796450989,0.168067211107577,0.171399643689799,0.126335182199033,0.124126530931188,0.127039217593921,0.102998878503822,0.10617878610181,0.104928421987531,0.0552267326883227,0.0636824761623652,0.0674146255725373,0.174527342541543,0.176608041908935,0.182163320882718,0.0365969671360669,0.0367310059971856,0.0388734785732219,0.0449123534130821,0.0442871763780442,0.0461290798533872
0.105590856869526,0.0881379999508519,0.0816475654343561,0.169729525996724,0.175556850261582,0.177808484737728,0.0119137425554238,10000,0.0160985321538074,0.0830355046320728,0.0828081849619445,0.0845512761713192,0.0327698558351127,0.0356117062543243,0.0337394071170642,0.0790801494904092,0.0783616376547742,0.0796955365375428,0.162685955859713,0.164260978261693,0.159135557785927,0.0304699767647902,0.0301814225131493,0.0291539071689387,0.0941715418237862,0.0938139996064074,0.0959776209536323,0.0629980474272822,0.069543026759308,0.0699408831627641,0.0994569264433595,0.0925065085912602,0.0940164566989128,0.126522513195804,0.132514949415138,0.127908970374543,0.169138102176588,0.165268996974762,0.168836402817156,0.123353532077486,0.12125910755275,0.123915381367118,0.100106951486821,0.103493662666329,0.102019921816894,0.0529889949264953,0.0606180580137599,0.0648344100373902,0.171597657155141,0.173419538897716,0.179068348007771,0.0346474039333241,0.0333169201531599,0.0350027193520159,0.0434927529594659,0.0435705204598526,0.0472342393684467
0.1052341005042,0.0885293703836479,0.0823512126726977,0.168198642415549,0.173763953506147,0.176245048828629,0.0182151753784082,0.0160985321538074,10000,0.0821274406640506,0.0817617510091051,0.0836141905888326,0.0367401844736071,0.0394294707284414,0.0376150267612346,0.077126004237548,0.0761823164695575,0.078080410983961,0.160301191389568,0.162084762384492,0.156717690940817,0.0318134497216977,0.0320778562219719,0.0317065878720007,0.0901784791479579,0.0892438464500992,0.0916147849175161,0.0586435986546393,0.0651463265216869,0.0658525053350124,0.0990900540606571,0.0929393745898811,0.0938504840974014,0.130215392079395,0.136312681986328,0.131422736554637,0.16704612216046,0.163265315280282,0.166582480128897,0.121771279718067,0.119535698822785,0.122070361813625,0.0987139338517612,0.101676523353536,0.100402462915971,0.0514423685785937,0.0585990120456251,0.0633810050781218,0.169298115631575,0.171314433784634,0.176912732789846,0.0387627287551252,0.0374318714658834,0.0380104573809114,0.0374178758530379,0.0386148475408304,0.0421249488265554
0.0400125321314851,0.0431905326884588,0.0493598155215614,0.0923154789848904,0.09849934621983,0.101442974449048,0.0865167151801122,0.0830355046320728,0.0821274406640506,10000,0.0134476845586141,0.0139089902324512,0.079236569984123,0.0816229427158018,0.0735592392610648,0.0323235056244302,0.0302535439708583,0.0359040504808917,0.100062212622453,0.101408487203572,0.0974797017474559,0.069049809223194,0.0685045176629028,0.0688012958161599,0.0577163117160843,0.0665091431408292,0.058167335071436,0.0583974475530145,0.0523082565262109,0.0506517269628967,0.0387987789221075,0.0421703570742442,0.0410983076139865,0.195407246817808,0.20133455039747,0.196864047688936,0.0998008394301622,0.095565040885915,0.099181761550237,0.0516549898456216,0.0508508650796187,0.051650418017958,0.0346373670388961,0.0377440534584227,0.0389310435978326,0.0409851259769626,0.0388973525726681,0.0385921889838585,0.103766869887616,0.105333254693434,0.111559340138342,0.0935013510101053,0.0887665042016197,0.0868513140329225,0.0741882973897929,0.0707080778630209,0.081684487228155
0.0410539124131374,0.0431546959362615,0.0495528182700059,0.0923048715363871,0.0984212486455151,0.101159816680236,0.0860030351471888,0.0828081849619445,0.0817617510091051,0.0134476845586141,10000,0.0138959752674239,0.0794432027096428,0.0814263875389731,0.0734969985361994,0.0312816546473552,0.0285811040938734,0.0351912273742606,0.0997863911486712,0.100688967604125,0.0965610865415025,0.069290207027078,0.0688552598540386,0.0690248436769013,0.056738108974939,0.0644346464421242,0.0565970058553789,0.0573272845631494,0.0505026782034711,0.0495933396625309,0.0389827624002667,0.0427421126578863,0.0411045523033499,0.1952674099473,0.20110963426289,0.196628910388093,0.0988925491628096,0.0945972259945516,0.0981860985487365,0.0512309009330155,0.0500629305069714,0.0512698451043484,0.0348139373910632,0.0370096298994145,0.0381261099550114,0.0397120830494753,0.0386074911433074,0.0376101675653349,0.103003023565927,0.105431623802979,0.111026246691655,0.0933876683460933,0.089019289944488,0.0870616570070946,0.0731251035255696,0.06945159070257,0.0800778512529587
0.0415565563432991,0.0448668824181791,0.0511622433953057,0.0896457395394062,0.0958289015547229,0.0983265823980512,0.0876195470127294,0.0845512761713192,0.0836141905888326,0.0139089902324512,0.0138959752674239,10000,0.0812762067421898,0.0837342920769156,0.0748663708395285,0.0305962030548682,0.0289688845350617,0.0338513652587211,0.0965621182757705,0.0982022054166884,0.0936084885241826,0.0725285549973845,0.0718531024449958,0.0722223300285441,0.0548635769624088,0.0623787387493522,0.0543078926068296,0.0576251332810902,0.051030155370114,0.049292307695409,0.0394895543514029,0.0431230799614762,0.04140307138279,0.198155714650633,0.204055149132476,0.199648780323884,0.0967204695821803,0.0927947159331099,0.096129525761854,0.0488101901735278,0.0469680925473775,0.0490657162960315,0.0319837334540092,0.0345896971487509,0.0364182296502705,0.0406006336265133,0.0384384192744311,0.0369139267150472,0.100881102815106,0.103297350725174,0.109310174745335,0.0960989445287721,0.0920268104237,0.0903510197859582,0.0744535768051338,0.0703804518655932,0.0802268592231418
0.0963171583930265,0.0734906654581981,0.0644379728378113,0.166560261109951,0.172798721411841,0.175287596329235,0.0337252550685364,0.0327698558351127,0.0367401844736071,0.079236569984123,0.0794432027096428,0.0812762067421898,10000,0.0140334204543199,0.0133778349806898,0.0841390227142441,0.0830290180353574,0.086127020675073,0.169260620419798,0.171122642088681,0.16605688057249,0.0351427196361816,0.035187240528122,0.0326518510850205,0.102974664822167,0.102261052389984,0.103793276243266,0.0698014445030166,0.0771698553774105,0.0763665974172178,0.0882453889646735,0.0789778766850917,0.0810674437567518,0.121192432706764,0.126994500313035,0.122593917174314,0.172589421898859,0.168674529422362,0.172251066644906,0.124299051381985,0.122726805183805,0.124917903297631,0.102379281452632,0.106301205407799,0.10567074496219,0.0566841880097277,0.0680383364579544,0.0722415451620619,0.176601894466432,0.178748612589838,0.184514225729656,0.0332014351269924,0.0317964027488952,0.0330370841431788,0.053187756287921,0.0522971457984663,0.057222398406858
0.0978649405758928,0.0738283988855096,0.0650610706104816,0.168786052022525,0.175124888403507,0.177871324167797,0.0369648412141434,0.0356117062543243,0.0394294707284414,0.0816229427158018,0.0814263875389731,0.0837342920769156,0.0140334204543199,10000,0.0169714436857764,0.0876691244430931,0.0860955161786938,0.0894218233926345,0.17258988412179,0.174307538181463,0.169400092641648,0.0380799093292096,0.0372691434352067,0.0340046576046623,0.10672010758345,0.106616201795327,0.107382192143129,0.073938806354519,0.0800919625394889,0.0800487168580643,0.0895335341873275,0.0802922561760336,0.0822167907216387,0.118815989597939,0.124606296812216,0.120294106636075,0.175327469453017,0.17148657320668,0.175160139743523,0.127066988125515,0.125439822950415,0.127627298455864,0.105501355639297,0.108846278099261,0.108666313284078,0.060349422645648,0.0715957025570249,0.0755169251042278,0.179559543829355,0.181568530519341,0.187501908017906,0.0317533069947824,0.0311310757428554,0.0322215425294997,0.0568113598431946,0.0559714788389386,0.0605855259753461
0.0908094256428336,0.0684072141051839,0.0600364560666086,0.16016406458744,0.166477169068244,0.168710508945199,0.0347625238059168,0.0337394071170642,0.0376150267612346,0.0735592392610648,0.0734969985361994,0.0748663708395285,0.0133778349806898,0.0169714436857764,10000,0.0786608632284689,0.0774562406809688,0.0798064769873697,0.162974693476737,0.164816427008488,0.159596605247182,0.0359491642109405,0.0352870332932278,0.0331388138810627,0.0976148480470883,0.0968997148036081,0.0979432239947715,0.0653300111003262,0.0724486266712227,0.0710384317627621,0.0825037535551164,0.0736806309877837,0.0754156042651158,0.127643505537284,0.133476594839363,0.129339877660432,0.16607198730382,0.162197124206609,0.165799007424158,0.117837012743261,0.116003878487615,0.118601655254973,0.095900542269809,0.099839026807631,0.0995317294048263,0.051052640726655,0.0624856522216973,0.0662175888710503,0.170390945593163,0.172513455872904,0.178512785996867,0.0370511545104034,0.0356876311728119,0.0372271121703008,0.0510649101333437,0.0495719565247678,0.0541283966035036
0.0588247375329507,0.0634228400975896,0.0685285452291731,0.097922408023768,0.103050353705781,0.105445833507049,0.0818326644486835,0.0790801494904092,0.077126004237548,0.0323235056244302,0.0312816546473552,0.0305962030548682,0.0841390227142441,0.0876691244430931,0.0786608632284689,10000,0.0128779585595458,0.0159845904344396,0.0898828637226684,0.0911707299943936,0.0855154396376365,0.0682680504809508,0.0682255029228728,0.069376497667668,0.0422314339011758,0.0503673896858621,0.0437856044810772,0.0505847973502456,0.0411865822247048,0.0405776631098808,0.0588468203550922,0.0621358842877496,0.0602244342795336,0.199360029049034,0.205426972403344,0.200824437975985,0.0954505981134955,0.0920574170506412,0.0947905539318889,0.0505758676284783,0.0481512910268196,0.0505621140479936,0.0273321736182728,0.0307591843383226,0.0286188130427461,0.0327748915806203,0.0254222044463277,0.0234400251782554,0.0962130896360768,0.0988303423295067,0.103746119387514,0.0947789266642931,0.0909173425115559,0.0889969874656352,0.0667585567950948,0.0630388103795893,0.0722715661402105
0.0571337976700699,0.0618058668048436,0.0668719033455245,0.0977116278967919,0.102893434873773,0.10505474139184,0.081246984510354,0.0783616376547742,0.0761823164695575,0.0302535439708583,0.0285811040938734,0.0289688845350617,0.0830290180353574,0.0860955161786938,0.0774562406809688,0.0128779585595458,10000,0.0168142388145524,0.08990055211462,0.0911615036416523,0.0860138797161794,0.0669235533815489,0.0666641896022677,0.0676331408893799,0.0415809534458002,0.0506229373314726,0.0427413581705834,0.0491128682244533,0.0400147982105386,0.0393175700190784,0.0571258887478319,0.0605177380606572,0.058250010099978,0.198685901035637,0.204713005431621,0.200083315098306,0.0961877554451316,0.0917663243566417,0.0951482103608549,0.0492994492918859,0.0474413351662175,0.0493418368375287,0.0272923947457751,0.0301997458065759,0.0278737146871449,0.0315194388038116,0.023735374120851,0.0211255841235959,0.0963605380520864,0.0987621125674578,0.104213304673012,0.093362016140802,0.0892554715079519,0.0872628949712084,0.0647886598188281,0.0615685182852301,0.0716380989856596
0.0607637013300144,0.066603822657086,0.0714458011245558,0.0989516049848019,0.104160443128396,0.105895739025417,0.0825183095519129,0.0796955365375428,0.078080410983961,0.0359040504808917,0.0351912273742606,0.0338513652587211,0.086127020675073,0.0894218233926345,0.0798064769873697,0.0159845904344396,0.0168142388145524,10000,0.0884546356565586,0.0892302398292502,0.0834990411899764,0.0693875623970947,0.0687531151273805,0.0704254992332403,0.0403951587695919,0.0495239478598176,0.0425519752894436,0.0480255499463833,0.0393619711681796,0.0383464115561338,0.061481017264691,0.0647962400028902,0.0632808840095533,0.200327927537578,0.206602630304808,0.202082309859473,0.0956080999949813,0.0917507896292378,0.0946124254246236,0.0509732041244933,0.0484679310753005,0.051146393756297,0.0273998034224485,0.0314113091058059,0.0284347346144239,0.0345714857685304,0.0255559670057107,0.0234364392009341,0.0955037403371465,0.0976181024846039,0.102935499100774,0.0954392668006311,0.091863917838042,0.0902346205973497,0.0669362204571853,0.0630747480616843,0.0714875489016918
0.107009427321292,0.129823444646427,0.138681011877924,0.0672141806523978,0.0663084131538462,0.065380301801431,0.165243057685161,0.162685955859713,0.160301191389568,0.100062212622453,0.0997863911486712,0.0965621182757705,0.169260620419798,0.17258988412179,0.162974693476737,0.0898828637226684,0.08990055211462,0.0884546356565586,10000,0.0211270062019604,0.0179357025855882,0.152725311035996,0.152363788655613,0.153793566227634,0.0843896975042451,0.0930133008221074,0.0838363445343005,0.119984756292552,0.109243845897088,0.108465817695258,0.113114891736069,0.123013217813039,0.119556407784136,0.284672361131952,0.290829980390734,0.286168986882725,0.0438757583709325,0.0425812998927004,0.0414628376485089,0.0558887161578816,0.0562374313988417,0.0552611546065346,0.0722374965975739,0.0689725771795903,0.0682166548239982,0.116211028833211,0.105116700174385,0.101031482019832,0.0280015384333706,0.0323402684967511,0.035675607528329,0.179149686466483,0.174593072484065,0.17295398109106,0.143756258538881,0.140152446856814,0.147217004628955
0.107364891180071,0.130448579452593,0.139755979607748,0.0672889342609548,0.06638663952883,0.0648857288023025,0.166947696676568,0.164260978261693,0.162084762384492,0.101408487203572,0.100688967604125,0.0982022054166884,0.171122642088681,0.174307538181463,0.164816427008488,0.0911707299943936,0.0911615036416523,0.0892302398292502,0.0211270062019604,10000,0.0195302827415698,0.153345091470358,0.153113630989872,0.154804861670171,0.0862027848709097,0.0954716504305836,0.0864147688258075,0.121797575414739,0.11114720572867,0.110437783936868,0.114190593832155,0.124449699556865,0.120908552947235,0.286028515368018,0.292166510045385,0.287419091988215,0.0453010307586409,0.0423817523543403,0.042153330245853,0.0576624249375875,0.0589593747390396,0.0571173637542329,0.0733565142276549,0.0707048610614732,0.0691827778287048,0.117729337269529,0.10712709780341,0.102823491418364,0.0254637322402541,0.0293750338090561,0.0308193448285285,0.180004856571971,0.175610795886599,0.173738374007064,0.145947637435552,0.142706857696888,0.149860000194932
0.104991563329527,0.126942614930094,0.135877665287528,0.0680419134821858,0.0675790034050769,0.0662548095459932,0.161519320229884,0.159135557785927,0.156717690940817,0.0974797017474559,0.0965610865415025,0.0936084885241826,0.16605688057249,0.169400092641648,0.159596605247182,0.0855154396376365,0.0860138797161794,0.0834990411899764,0.0179357025855882,0.0195302827415698,10000,0.148884767368686,0.148623449337694,0.150404013447941,0.0802851863486176,0.0886723664590006,0.079861395135626,0.115868994479233,0.104842307923809,0.10393685466481,0.111139771788613,0.121059470963322,0.117576674313694,0.281048844934121,0.287249204788876,0.28256271919744,0.0443345503364355,0.0427736634876976,0.0411981252215472,0.0544569574871877,0.0542699300351165,0.0536737806572067,0.0683973080137134,0.0657749101925756,0.0645227684704228,0.112350352450119,0.101798432176922,0.0974500331803152,0.0289870530536425,0.0340092626089671,0.0358178229934643,0.175397130509387,0.17120697970143,0.169590638418546,0.140032978950259,0.136454491415102,0.142942443270533
0.0912469549247324,0.0754416341154782,0.0703252153110343,0.156824884548697,0.162681819433361,0.165338864845427,0.0354629945556397,0.0304699767647902,0.0318134497216977,0.069049809223194,0.069290207027078,0.0725285549973845,0.0351427196361816,0.0380799093292096,0.0359491642109405,0.0682680504809508,0.0669235533815489,0.0693875623970947,0.152725311035996,0.153345091470358,0.148884767368686,10000,0.0126673538821829,0.0144301002201136,0.0879085044492088,0.0916382226814609,0.0900432639782031,0.0586904060634028,0.0632430814056132,0.0633124728186367,0.0866591918453707,0.0805712471539355,0.0818681672366277,0.138439549052517,0.14467661223433,0.139603041887978,0.158466766130788,0.153740041716869,0.157781147949345,0.111470117427351,0.110234123256813,0.111491399618079,0.0883303903200638,0.0925105812464999,0.0907165692201623,0.0458182912791103,0.0519659719935416,0.0577111047702887,0.159289333675103,0.160414091303556,0.165956466672666,0.0343786735138728,0.0302991633722799,0.0288951347282459,0.0456726789587445,0.0463100179448048,0.0574023026671839
0.090356574547386,0.0749404839645338,0.0696185034139856,0.156282002020894,0.162401218904407,0.164875068411065,0.0352103702408596,0.0301814225131493,0.0320778562219719,0.0685045176629028,0.0688552598540386,0.0718531024449958,0.035187240528122,0.0372691434352067,0.0352870332932278,0.0682255029228728,0.0666641896022677,0.0687531151273805,0.152363788655613,0.153113630989872,0.148623449337694,0.0126673538821829,10000,0.0127723806830114,0.0876714897441227,0.0921725901010323,0.08970676309229,0.058962790942049,0.0626527635932025,0.0629980688044735,0.0860881371134687,0.0796679678273298,0.0811474411118515,0.138672176332345,0.144868371015631,0.140062192880966,0.158296417776612,0.153515987553411,0.157466492925606,0.110994754556572,0.109646641299554,0.111057439860254,0.0877766486436935,0.0918564485068314,0.0902473128832036,0.045090665402734,0.0514848874253873,0.0570940545405973,0.158934658137789,0.159906886391704,0.16567686779211,0.0325988932384778,0.0293673746800345,0.0276730139695895,0.0453463004431912,0.045136691168111,0.0571670979190484
0.0908687251254303,0.074699949308781,0.0691233447499647,0.157156028156054,0.163215098518209,0.166000668942226,0.0339255680489428,0.0291539071689387,0.0317065878720007,0.0688012958161599,0.0690248436769013,0.0722223300285441,0.0326518510850205,0.0340046576046623,0.0331388138810627,0.069376497667668,0.0676331408893799,0.0704254992332403,0.153793566227634,0.154804861670171,0.150404013447941,0.0144301002201136,0.0127723806830114,10000,0.090016495570205,0.0937646707117259,0.0919427358731583,0.0608354942315561,0.0642724121613373,0.0655785256403577,0.0861737702887883,0.0795482333699599,0.0809089940474812,0.136764373690886,0.142787415275082,0.13799130174612,0.159213878541976,0.154782191290298,0.158709996201941,0.112118700141969,0.11068898600311,0.112087563036437,0.0892813780963985,0.0928680112875958,0.0914737173799633,0.0459714312454967,0.0525568166250423,0.0578937228256128,0.160355587176028,0.16166073500384,0.16725974740574,0.031758579807154,0.0278725742801773,0.0254529271039227,0.0467173458805816,0.0465648258231455,0.058158558377797
0.0763294104726155,0.0824415349895619,0.0866197850788328,0.0982513862803822,0.101648454466539,0.103177520764859,0.0967076620951854,0.0941715418237862,0.0901784791479579,0.0577163117160843,0.056738108974939,0.0548635769624088,0.102974664822167,0.10672010758345,0.0976148480470883,0.0422314339011758,0.0415809534458002,0.0403951587695919,0.0843896975042451,0.0862027848709097,0.0802851863486176,0.0879085044492088,0.0876714897441227,0.090016495570205,10000,0.0263505443007036,0.0169763452164357,0.0483148917680985,0.0375192998435696,0.0362548309085876,0.0746766832388522,0.0790294927440744,0.0764419847118893,0.214445523766286,0.220371003051072,0.215532715110011,0.0967942954431953,0.0925511851647721,0.0948708924537278,0.058732843667099,0.0559796499266616,0.0580127297721856,0.046090143242413,0.0469055228510216,0.0439328484991835,0.0553120387848901,0.0473371000295377,0.0468718744138509,0.0931644308902201,0.0964672548415285,0.100582664184426,0.112200193304808,0.108813247311968,0.1072654679172,0.0689711554961745,0.0654664392046857,0.073401442367749
0.0835938150691008,0.0866115569035025,0.0891767251943571,0.107037661895744,0.109647404536613,0.111290737733677,0.094886772111318,0.0938139996064074,0.0892438464500992,0.0665091431408292,0.0644346464421242,0.0623787387493522,0.102261052389984,0.106616201795327,0.0968997148036081,0.0503673896858621,0.0506229373314726,0.0495239478598176,0.0930133008221074,0.0954716504305836,0.0886723664590006,0.0916382226814609,0.0921725901010323,0.0937646707117259,0.0263505443007036,10000,0.0265486110300725,0.0460952516957659,0.0407039126306071,0.0398870527497281,0.0804313313811557,0.0840597303917735,0.0811199521188935,0.211300035069887,0.217242930443827,0.212280346378312,0.104854621731193,0.101499217851559,0.103175139848544,0.0689332485985494,0.0667108141073142,0.0691816001838176,0.0568850168503268,0.0572907259217616,0.0549956697105968,0.0576907365533967,0.0537743625115142,0.0523446711994244,0.10321770389273,0.108748825206061,0.111640604805885,0.114271221926783,0.111446350154408,0.11020406969674,0.0678552461617716,0.0637360095172715,0.0666506332173962
0.0771837409887234,0.0833690800373391,0.0873867012119684,0.0977361431536298,0.101281770814338,0.102190570933841,0.0979785035215064,0.0959776209536323,0.0916147849175161,0.058167335071436,0.0565970058553789,0.0543078926068296,0.103793276243266,0.107382192143129,0.0979432239947715,0.0437856044810772,0.0427413581705834,0.0425519752894436,0.0838363445343005,0.0864147688258075,0.079861395135626,0.0900432639782031,0.08970676309229,0.0919427358731583,0.0169763452164357,0.0265486110300725,10000,0.0511773590128979,0.0406837859107549,0.0368566828734756,0.0748744892743123,0.0793060197545848,0.0761850484311411,0.215433007961233,0.221341585672283,0.216628502843642,0.0960441233040283,0.091543145032061,0.0937810872054791,0.0580520002412526,0.0550844365273091,0.0577060943995389,0.0464464085748092,0.0471372102963819,0.0455098424912506,0.0559660304112157,0.0483873555291149,0.047611057471426,0.0928135664134675,0.0961763063437096,0.10123552468622,0.113492845416076,0.110200552884805,0.109102290831779,0.0702182985336705,0.0667794712267204,0.0743539439533028
0.0767299936107281,0.0719917969761448,0.0699158664003325,0.127927905168687,0.132406182711325,0.134659931069618,0.0649630665613806,0.0629980474272822,0.0586435986546393,0.0583974475530145,0.0573272845631494,0.0576251332810902,0.0698014445030166,0.073938806354519,0.0653300111003262,0.0505847973502456,0.0491128682244533,0.0480255499463833,0.119984756292552,0.121797575414739,0.115868994479233,0.0586904060634028,0.058962790942049,0.0608354942315561,0.0483148917680985,0.0460952516957659,0.0511773590128979,10000,0.0245476958618936,0.0251507353521371,0.0746993366232494,0.0733557608631649,0.0729775240079347,0.177259149987284,0.183474321774434,0.178497909505335,0.129932908828532,0.12547340268697,0.128419212800078,0.0856541855511058,0.0832970562268067,0.0853396713406595,0.0658678487642893,0.0678479681227903,0.0660141266238052,0.0403129669044785,0.0412815116512111,0.0442644848571011,0.129627865795776,0.132925049651633,0.137114545698554,0.0797084053679698,0.0776623338445459,0.0760399378592051,0.0391161061367045,0.0353015510030403,0.0425443212178665
0.073341118772424,0.0704931171015708,0.0712553980871181,0.118201039475085,0.1225528002662,0.125054034874214,0.0718287019108679,0.069543026759308,0.0651463265216869,0.0523082565262109,0.0505026782034711,0.051030155370114,0.0771698553774105,0.0800919625394889,0.0724486266712227,0.0411865822247048,0.0400147982105386,0.0393619711681796,0.109243845897088,0.11114720572867,0.104842307923809,0.0632430814056132,0.0626527635932025,0.0642724121613373,0.0375192998435696,0.0407039126306071,0.0406837859107549,0.0245476958618936,10000,0.0190351118672075,0.0714958010571492,0.0714200474080052,0.0702899699569892,0.187066402262238,0.193226074557143,0.188242947946742,0.119082019545484,0.11551288548525,0.117783484235086,0.0760129626291682,0.0727817282644775,0.0751166726381712,0.0566673568581165,0.0578981805021975,0.0561696492731595,0.0378223496104874,0.0363318407233006,0.0384004289823802,0.117889049261902,0.121102394128002,0.125236560615881,0.0853242172853693,0.0827487048814942,0.080865725809138,0.0441792876576084,0.0401009778833628,0.0497909628741841
0.0725220248271072,0.0703055201539218,0.0709638813903514,0.117097337990768,0.121825941953505,0.123283468874299,0.0720619593110448,0.0699408831627641,0.0658525053350124,0.0506517269628967,0.0495933396625309,0.049292307695409,0.0763665974172178,0.0800487168580643,0.0710384317627621,0.0405776631098808,0.0393175700190784,0.0383464115561338,0.108465817695258,0.110437783936868,0.10393685466481,0.0633124728186367,0.0629980688044735,0.0655785256403577,0.0362548309085876,0.0398870527497281,0.0368566828734756,0.0251507353521371,0.0190351118672075,10000,0.0700017681745131,0.0701395619400349,0.0689460247714133,0.187380511200685,0.193504404465483,0.18885412049521,0.118547641663688,0.114119951087892,0.116708293547675,0.0742230553711182,0.0707962555685247,0.0735821931664661,0.0540645120312666,0.0571980956762071,0.0549473517524353,0.0367122694749769,0.0347229105471297,0.0370036996912139,0.117587245248261,0.119856917416394,0.125159912206382,0.0856873663807095,0.0832230334252642,0.0821971876993686,0.0444422774358857,0.0400123810816778,0.0496104001384113
0.0280461248170723,0.0261640532199915,0.0350792933580039,0.0863936588433801,0.0928653782879304,0.0964038153496737,0.102514371593061,0.0994569264433595,0.0990900540606571,0.0387987789221075,0.0389827624002667,0.0394895543514029,0.0882453889646735,0.0895335341873275,0.0825037535551164,0.0588468203550922,0.0571258887478319,0.061481017264691,0.113114891736069,0.114190593832155,0.111139771788613,0.0866591918453707,0.0860881371134687,0.0861737702887883,0.0746766832388522,0.0804313313811557,0.0748744892743123,0.0746993366232494,0.0714958010571492,0.0700017681745131,10000,0.0174829583727707,0.0154038851303818,0.200244558683452,0.205768783281491,0.201378658444595,0.107609519458015,0.103828995294092,0.107445121120072,0.0625935712515395,0.0629488803758543,0.0627446382242692,0.0536996475951128,0.0553357547996938,0.0576421316809116,0.0607223062397253,0.063517482054192,0.0634093889475735,0.113857664833217,0.116797853893481,0.121796221754272,0.10562095430559,0.100938938032623,0.0993745064542629,0.0885990179130176,0.0848580794354942,0.0942017684703144
0.0343179400717508,0.0207716743861017,0.0255691451711017,0.0974360964891367,0.104342767275969,0.107426662327233,0.0956016404552202,0.0925065085912602,0.0929393745898811,0.0421703570742442,0.0427421126578863,0.0431230799614762,0.0789778766850917,0.0802922561760336,0.0736806309877837,0.0621358842877496,0.0605177380606572,0.0647962400028902,0.123013217813039,0.124449699556865,0.121059470963322,0.0805712471539355,0.0796679678273298,0.0795482333699599,0.0790294927440744,0.0840597303917735,0.0793060197545848,0.0733557608631649,0.0714200474080052,0.0701395619400349,0.0174829583727707,10000,0.0127904970715565,0.19021395380993,0.195639712257016,0.191397330835978,0.119126178988008,0.115274570690835,0.118763069727194,0.0727609674973716,0.0721831751396908,0.0727088419066992,0.0609506759763378,0.0632842107491652,0.0655205680163102,0.0583009689020012,0.0630418832763562,0.0639248566500644,0.12452333533711,0.127511272010117,0.1326894371498,0.0971086275945644,0.0930503865411778,0.0914139410088841,0.0839522355822798,0.0799357764309474,0.0894776313491141
0.0332804415824292,0.0221896870265988,0.0291762405300167,0.0944821486031616,0.100943228658175,0.104021379819042,0.0969158991080031,0.0940164566989128,0.0938504840974014,0.0410983076139865,0.0411045523033499,0.04140307138279,0.0810674437567518,0.0822167907216387,0.0754156042651158,0.0602244342795336,0.058250010099978,0.0632808840095533,0.119556407784136,0.120908552947235,0.117576674313694,0.0818681672366277,0.0811474411118515,0.0809089940474812,0.0764419847118893,0.0811199521188935,0.0761850484311411,0.0729775240079347,0.0702899699569892,0.0689460247714133,0.0154038851303818,0.0127904970715565,10000,0.193323239345919,0.19870756188674,0.194335461272512,0.11569385858713,0.111767967472817,0.115488424488472,0.0690269492109955,0.0688781672194647,0.0692799663599374,0.0581704189570266,0.0604777820835507,0.0623724483486646,0.0575140106219694,0.062093744274413,0.0623232242687969,0.120969297749812,0.124227191453642,0.129407071475275,0.0990652463147877,0.0947388824481883,0.0930961405662208,0.0833545106476259,0.0798849496631197,0.0891556526026353
0.208316256748379,0.183138664981965,0.172687293795123,0.282213116753214,0.288503037424286,0.29136502616829,0.124739649669287,0.126522513195804,0.130215392079395,0.195407246817808,0.1952674099473,0.198155714650633,0.121192432706764,0.118815989597939,0.127643505537284,0.199360029049034,0.198685901035637,0.200327927537578,0.284672361131952,0.286028515368018,0.281048844934121,0.138439549052517,0.138672176332345,0.136764373690886,0.214445523766286,0.211300035069887,0.215433007961233,0.177259149987284,0.187066402262238,0.187380511200685,0.200244558683452,0.19021395380993,0.193323239345919,10000,0.0153370440700897,0.0139411097422372,0.284499256504284,0.280695968504733,0.28457894537406,0.2409427644502,0.239326699255474,0.241620376403699,0.21866915032586,0.222236030073332,0.22174719593551,0.17240069918237,0.182408222124997,0.18685922479692,0.291675473128865,0.293156351387931,0.298755148233262,0.113029908121185,0.116952503472743,0.119743285927745,0.153005793492593,0.155135086136654,0.152554097307262
0.214168060400216,0.188565212467683,0.178111962635237,0.287892601019101,0.294205357889454,0.296913389249695,0.130641894473365,0.132514949415138,0.136312681986328,0.20133455039747,0.20110963426289,0.204055149132476,0.126994500313035,0.124606296812216,0.133476594839363,0.205426972403344,0.204713005431621,0.206602630304808,0.290829980390734,0.292166510045385,0.287249204788876,0.14467661223433,0.144868371015631,0.142787415275082,0.220371003051072,0.217242930443827,0.221341585672283,0.183474321774434,0.193226074557143,0.193504404465483,0.205768783281491,0.195639712257016,0.19870756188674,0.0153370440700897,10000,0.0135769300693813,0.290537621523813,0.286603588073892,0.290522753072441,0.24686942915828,0.245234848530441,0.247646601305696,0.224797310370376,0.228161167037992,0.227757037605287,0.178450270360299,0.188553774310441,0.192845542332685,0.297719710080826,0.299288144525082,0.304889476540263,0.118781272180935,0.123206607401978,0.125557090330715,0.158633912339376,0.160905647436866,0.158293230872033
0.209774818418424,0.184226750640269,0.173740599354109,0.283464294852668,0.289659636794798,0.292572658845138,0.126140889820566,0.127908970374543,0.131422736554637,0.196864047688936,0.196628910388093,0.199648780323884,0.122593917174314,0.120294106636075,0.129339877660432,0.200824437975985,0.200083315098306,0.202082309859473,0.286168986882725,0.287419091988215,0.28256271919744,0.139603041887978,0.140062192880966,0.13799130174612,0.215532715110011,0.212280346378312,0.216628502843642,0.178497909505335,0.188242947946742,0.18885412049521,0.201378658444595,0.191397330835978,0.194335461272512,0.0139411097422372,0.0135769300693813,10000,0.285997469640381,0.282088587520793,0.286023328294148,0.242312691895791,0.240891995837731,0.243019245205281,0.220284770585896,0.223696991526638,0.223203195194929,0.173881342109208,0.183963315162522,0.188371063578309,0.293008435966044,0.294660355741576,0.300045664681341,0.114303761831275,0.118309568119167,0.120657722207198,0.15356122156694,0.1561290424263,0.153735493083626
0.102347995014057,0.125139298168646,0.135624769833116,0.0554591091463233,0.0541445248622512,0.0552414582982707,0.171746796450989,0.169138102176588,0.16704612216046,0.0998008394301622,0.0988925491628096,0.0967204695821803,0.172589421898859,0.175327469453017,0.16607198730382,0.0954505981134955,0.0961877554451316,0.0956080999949813,0.0438757583709325,0.0453010307586409,0.0443345503364355,0.158466766130788,0.158296417776612,0.159213878541976,0.0967942954431953,0.104854621731193,0.0960441233040283,0.129932908828532,0.119082019545484,0.118547641663688,0.107609519458015,0.119126178988008,0.11569385858713,0.284499256504284,0.290537621523813,0.285997469640381,10000,0.0194177197066594,0.0134790579377057,0.0569036111007275,0.0577367945382258,0.0562459045365758,0.0761580149919416,0.0726222694765646,0.0736910645177288,0.122607730841917,0.11344135992654,0.109337840845933,0.0376069746469206,0.0413832591528048,0.0422863758789873,0.184328996497942,0.179421791933948,0.177761062717153,0.152672716943932,0.14917774095699,0.155745895977551
0.0978983437170212,0.121234689999762,0.131560662624494,0.0541991335058585,0.053414085067389,0.0527961512799225,0.168067211107577,0.165268996974762,0.163265315280282,0.095565040885915,0.0945972259945516,0.0927947159331099,0.168674529422362,0.17148657320668,0.162197124206609,0.0920574170506412,0.0917663243566417,0.0917507896292378,0.0425812998927004,0.0423817523543403,0.0427736634876976,0.153740041716869,0.153515987553411,0.154782191290298,0.0925511851647721,0.101499217851559,0.091543145032061,0.12547340268697,0.11551288548525,0.114119951087892,0.103828995294092,0.115274570690835,0.111767967472817,0.280695968504733,0.286603588073892,0.282088587520793,0.0194177197066594,10000,0.0140499652601095,0.0514838425529579,0.053874662309883,0.0515097709162037,0.071706680555553,0.0688603406713314,0.0692426313574368,0.118552818443792,0.109432164726187,0.105104229170386,0.0358549220710241,0.0377345382743295,0.0411954661692339,0.179641676958131,0.174869433256816,0.173114156802955,0.148060309965602,0.144914989079119,0.152381128969917
