10000,0.600620598000002,0.715064633400002,1.1115476689,1.1939210315,1.22880281640001,1.6257595518,1.5920217211,1.5769189531,0.703822505999999,0.726872889800004,0.738662765800004,1.40597253609,1.42126030199,1.34354030647001,0.922999777000001,0.902385340440001,0.959384206270003,1.5531240269,1.5595062232,1.5246162337,1.4467435728,1.4314555567,1.4311158285,1.069815251,1.1444461144,1.0524992218,1.2383028301,1.1205931488,1.0880725349,0.529857584600004,0.635913784400003,0.612064540200002,2.2850318314,2.3198822644,2.2865836603,1.4304640595,1.3682000348,1.3960757668,0.914940430000001,0.939106655,0.908914413599999,0.857523189999999,0.876113628000003,0.8716955586,1.07384134858,1.0455661042,1.0319664842,1.52896409836,1.5741750167,1.6347825533,1.6120099333,1.5744237314,1.5615098269,1.4413999263,1.4149291842,1.5095380003
0.600620598000002,10000,0.350751333899995,1.2426566779,1.3208261691,1.3687589022,1.433978649,1.4076708543,1.3852722731,0.749319882599999,0.755297017300003,0.790537445000004,1.14715999689,1.14329331999,1.09331466667,1.0207164906,0.992606466740001,1.08039838297,1.8587114719,1.8739709959,1.8000446809,1.2943905499,1.2671681803,1.2606365365,1.2258209518,1.273067925,1.2117910862,1.0868181959,1.0419174002,1.0130962715,0.480294946799998,0.4300526215,0.462083486399996,2.1042064564,2.1351509354,2.1146483284,1.6270303751,1.5883912826,1.6317061202,1.1452765652,1.159127149,1.1595591908,1.0596265376,1.0828945776,1.0902266972,0.932141031979997,1.0010135224,1.001273582,1.82900927386,1.863411622,1.9303212277,1.4461348232,1.4066860679,1.3959986889,1.2812770213,1.2558069813,1.3480911171
0.715064633400002,0.350751333899995,10000,1.3643058251,1.4224665267,1.4529873702,1.3524192765,1.3303725438,1.3079318946,0.846598311199998,0.8744476342,0.892826638000002,1.04134090219,1.04213413109,0.997993826770001,1.1173757789,1.10003514824,1.16868125147,1.9651912158,1.994898517,1.9292413354,1.222586207,1.1939468366,1.1972155278,1.31461109,1.35132494956,1.2923532428,1.0551048798,1.0807693737,1.0455503974,0.586536298400001,0.494917046500003,0.549320572199998,2.0365006988,2.0721972708,2.0355141548,1.7480239967,1.7001248772,1.736583347,1.288175348,1.3025125336,1.287611833,1.2057705232,1.2337326406,1.2256623302,0.917063186380001,1.0493304945,1.0762936583,1.95886603856,1.9968814837,2.04449023,1.3546198745,1.3239685675,1.31131615800001,1.1753952508,1.155527066,1.2198875724
1.1115476689,1.2426566779,1.3643058251,10000,0.296372689399996,0.355051229799999,2.2217517349,2.1581932585,2.1489881461,1.3338748871,1.3349302042,1.3304642614,1.95764003097,1.9649754432,1.9061435355,1.4776656016,1.44394555754,1.49180390477,1.0850713225,1.0976264533,1.0833842029,2.0619057467,2.0496680357,2.0506993007,1.4820405756,1.61228029746,1.4614416985,1.8792233182,1.7633482927,1.6969370722,1.0602290827,1.1704464458,1.1420504675,2.5336439852,2.5729932448,2.52655372800001,0.9517562295,0.933793625099999,0.958846840899998,0.964782062599999,0.972761918499999,0.940125777499998,1.1917112212,1.1490823,1.20672931739,1.66879848493,1.6338253869,1.59825070739,1.0005277957,1.0465508402,1.1094229037,2.1798839417,2.1742884627,2.1683339997,2.0614463519,2.0562843468,2.1478148484
1.1939210315,1.3208261691,1.4224665267,0.296372689399996,10000,0.288359538200002,2.2594302337,2.2119470101,2.1860931026,1.3988180037,1.3943784073,1.3978762429,2.00580338067,2.03313736999,1.96443963867,1.557391335,1.52328927694,1.58501947517,1.0984989505,1.0945019491,1.1057981873,2.1343322916,2.1198279846,2.1117305977,1.557142064,1.64662980876,1.5264815071,1.8923241072,1.8046384486,1.7589501961,1.1129771733,1.2353865776,1.1986814481,2.53631843400001,2.5735937376,2.542636515,0.963014105100002,0.9152770043,0.962956140600001,1.0171943463,1.0410426491,1.0031835732,1.2674708196,1.2241843684,1.26367286179,1.72033431563,1.7127381848,1.64849472369,0.970929831099998,1.0331588006,1.0929849617,2.2497519087,2.2392603574,2.2192842577,2.1064703108,2.110807907,2.1908123053
1.22880281640001,1.3687589022,1.4529873702,0.355051229799999,0.288359538200002,10000,2.2454997805,2.1966536549,2.182784715,1.417010942,1.426540736,1.4228607912,2.01692684849,2.03786166129,1.96814236702,1.5557353291,1.55555867004,1.59524347427,1.0941312312,1.1036710008,1.1180161434,2.1160671124,2.1095462572,2.1001358159,1.5463505378,1.6559703253,1.5317564443,1.9261185648,1.8155038239,1.7467804104,1.149543439,1.252576039,1.2429290876,2.499657927,2.5393330876,2.5146724598,0.947316185400001,0.910457027000001,0.940568531000001,1.0184332024,1.0546885141,1.0118493633,1.2766932647,1.2413852445,1.28228125889,1.73502821318,1.7309298185,1.6906103609,0.9699500302,1.0237924055,1.0929268172,2.2406389183,2.2323233463,2.2182027943,2.0839344416,2.1068163432,2.1786969806
1.6257595518,1.433978649,1.3524192765,2.2217517349,2.2594302337,2.2454997805,10000,0.249615600000002,0.337173097999997,1.2744616291,1.2667697902,1.2799758317,0.627381924000001,0.67207914332,0.675225050999999,1.1216946253,1.09351860642,1.1220666565,1.8599538924,1.9105591979,1.8124238157,0.599739768800005,0.604398102000003,0.580372448400001,1.3971244579,1.4092779585,1.3867880503,1.099859023,1.1047107568,1.1092146403,1.5710539197,1.5058606229,1.5294993034,1.6845885156,1.7850683836,1.7125342654,1.8818346631,1.8802194127,1.8776966439,1.6083748819,1.56145205170001,1.6079576979,1.3759467505,1.4003116525,1.3732667755,0.827210647280003,0.895794494400004,0.891460074039998,1.9780624391,2.0192407215,2.07883775210001,0.65575345,0.631486028000003,0.653017458000003,0.795405733299999,0.787280180000002,0.813004928299998
1.5920217211,1.4076708543,1.3303725438,2.1581932585,2.2119470101,2.1966536549,0.249615600000002,10000,0.326442731999995,1.2453544338,1.2002416458,1.2273166744,0.618829050999999,0.651671852,0.638695614799998,1.0768385526,1.04685870572,1.09191146026,1.8208834934,1.8802361118,1.793990499,0.536734655000004,0.547877274999997,0.528521058199996,1.3523727102,1.3921097438,1.3819576966,1.0744334187,1.0957816521,1.0849296742,1.523805706,1.471589165,1.5002888937,1.680963238,1.78747591,1.725783994,1.844157605,1.8227518712,1.8397795226,1.5429438704,1.509084255,1.5544069392,1.3309881944,1.3409314368,1.31441831602,0.802792486240004,0.822814556799998,0.857166545439998,1.920474673,1.9729783818,2.0486209834,0.632981137999996,0.608558910000002,0.624409246999999,0.802342679999999,0.774688022200001,0.823362674400002
1.5769189531,1.3852722731,1.3079318946,2.1489881461,2.1860931026,2.182784715,0.337173097999997,0.326442731999995,10000,1.2382596546,1.2026918416,1.2475150532,0.664709750399998,0.713901697759997,0.685210085679997,1.0738332174,1.04056967152,1.08199697806,1.8019358622,1.8919827526,1.7780293598,0.57283892,0.595470887000003,0.573984298999998,1.281377044,1.3142005446,1.2946325264,1.0205827627,1.0228212969,1.0196899242,1.5229781938,1.46998544,1.4949418043,1.7699982674,1.878957613,1.812597766,1.8600359342,1.8355147048,1.8385272852,1.5599899362,1.5355198468,1.565035597,1.3378442532,1.3516167816,1.31261353782,0.802263943040001,0.837690216799997,0.876891226039997,1.9090018088,1.968138073,2.0565931442,0.697719383299998,0.681659997000001,0.692663178999998,0.714135686799998,0.690811438999998,0.750203691999997
0.703822505999999,0.749319882599999,0.846598311199998,1.3338748871,1.3988180037,1.417010942,1.2744616291,1.2453544338,1.2382596546,10000,0.273864930599997,0.278951477,0.990114462789999,1.0137325806,0.951758571770003,0.572488521599999,0.564138905999999,0.641356983999999,1.4961985488,1.5021135416,1.4287250884,1.0452803002,1.0322392968,1.0310333226,0.935371959799997,0.972377867599999,0.936762262600003,0.967917738000003,0.864245698199997,0.808319774400001,0.707834451199999,0.761466028400001,0.773688602999996,2.1403954105,2.211164042,2.16614794,1.2442447094,1.1763718984,1.2042326032,0.775368146399999,0.761373313600001,0.76403413,0.622981351799999,0.660346771400002,0.682833609560001,0.724698777000001,0.7318254035,0.722357203999998,1.40141546456,1.4477160544,1.513962114,1.2695082451,1.2176273341,1.2027795616,1.1990137288,1.156459775,1.28003863
0.726872889800004,0.755297017300003,0.8744476342,1.3349302042,1.3943784073,1.426540736,1.2667697902,1.2002416458,1.2026918416,0.273864930599997,10000,0.282817099200001,0.977943678989997,0.994505852689997,0.920719863770002,0.5836812135,0.549441911240002,0.645329598320002,1.5061406094,1.509694335,1.4056059286,1.0572557574,1.0498719428,1.0379290046,0.926930118799999,0.975796931000001,0.9051563564,0.945882701200002,0.852833738399998,0.8168252952,0.724490966400001,0.810170170099999,0.785934162199997,2.1233058909,2.1773594598,2.1451538462,1.2202172232,1.1464803004,1.1760840074,0.766461487,0.786802128799998,0.782624698999996,0.660123132999998,0.670463184800003,0.66997531224,0.702539221020002,0.698786360500002,0.694423360500002,1.388627789,1.4650976338,1.517097425,1.2732840392,1.2492472342,1.2227228027,1.1767389512,1.1414427332,1.2554905012
0.738662765800004,0.790537445000004,0.892826638000002,1.3304642614,1.3978762429,1.4228607912,1.2799758317,1.2273166744,1.2475150532,0.278951477,0.282817099200001,10000,0.989906734789999,1.003827188,0.91615669337,0.5655503464,0.539184922040005,0.63136148172,1.4676225598,1.4968339422,1.4046021592,1.0749489308,1.0815753524,1.0706918618,0.916142400600001,0.948586480600003,0.874518148200002,0.978051130000001,0.890616824599995,0.8397207242,0.716816539800002,0.7769172044,0.772177239400001,2.1381845078,2.201319872,2.1614768527,1.1874354912,1.1381800174,1.1762004946,0.760607584600004,0.744255673200003,0.761533563399998,0.607621186199997,0.640782690600005,0.655710143000001,0.733036229999999,0.7209811979,0.708232751399999,1.393182911,1.4527647862,1.509415859,1.3062467207,1.2898453013,1.2581201422,1.214161628,1.177718857,1.2679417604
1.40597253609,1.14715999689,1.04134090219,1.95764003097,2.00580338067,2.01692684849,0.627381924000001,0.618829050999999,0.664709750399998,0.990114462789999,0.977943678989997,0.989906734789999,10000,0.261478106799997,0.266818013400004,1.13325172819,1.10784453031,1.19255956385,2.0178896784,2.04526821939,1.959363076,0.610201028,0.613813063999998,0.563822749999999,1.47293892159,1.50183118839,1.43843408839,1.141524466,1.17756593139,1.1491770248,1.32062307159,1.21467250909,1.25041359049,1.55286632122,1.6306138835,1.5942798825,1.76578330864,1.72030368143,1.72136148683,1.36828712099,1.38135696759,1.38202345979,1.26120612699,1.29881504739,1.26597514561,0.849069138639999,1.00514700084,1.04582698448,1.97671644059,2.044292754,2.09427453199,0.624456512999997,0.604251895999997,0.599269934999998,0.881364826640001,0.873749443000002,0.872336435840002
1.42126030199,1.14329331999,1.04213413109,1.9649754432,2.03313736999,2.03786166129,0.67207914332,0.651671852,0.713901697759997,1.0137325806,0.994505852689997,1.003827188,0.261478106799997,10000,0.31489349708,1.186579448,1.165323114,1.246696373,2.06838749356,2.10187846309,2.021339625,0.670139176,0.66442848962,0.613015804999997,1.51886634749,1.54861853109,1.48553492689,1.20567975,1.20375836589,1.17205867056,1.33701997429,1.21629690619,1.25879525089,1.48716232982,1.58090270402,1.52680647662,1.762119794,1.74044610184,1.74609740173,1.41661866789,1.42067741629,1.44130857709,1.30709304369,1.32638642209,1.34122249331,0.915079847240001,1.054751192,1.09143044804,2.03133412029,2.112275928,2.153360276,0.624979526319998,0.614612687319998,0.60590034582,0.937586195000001,0.902137909000002,0.920258986040001
1.34354030647001,1.09331466667,0.997993826770001,1.9061435355,1.96443963867,1.96814236702,0.675225050999999,0.638695614799998,0.685210085679997,0.951758571770003,0.920719863770002,0.91615669337,0.266818013400004,0.31489349708,10000,1.10688546857,1.06927358369,1.13693481723,1.9803954564,2.01065365377,1.916509222,0.601518140200002,0.599761414,0.561940656000002,1.42302564697,1.44308847977,1.39128006257,1.08266084947,1.12521933357,1.100827446,1.27011386697,1.15294181467,1.18789318757,1.58891021546,1.66865977905,1.645150427,1.68765807912,1.64505198229,1.65974102169,1.31167623957,1.31757855617,1.34011793577,1.19488068636999,1.24364876477,1.2306714391,0.809160385039999,0.956973653799999,1.00229634836,1.94239017897,2.02205399477,2.07719686537,0.703973991959999,0.685659405959998,0.663606918000003,0.851622682119998,0.845929499400001,0.834336249319999
0.922999777000001,1.0207164906,1.1173757789,1.4776656016,1.557391335,1.5557353291,1.1216946253,1.0768385526,1.0738332174,0.572488521599999,0.5836812135,0.5655503464,1.13325172819,1.186579448,1.10688546857,10000,0.272692661599996,0.332311813,1.2184745392,1.2501948334,1.1462213978,0.912871072600002,0.955492218600002,0.961351226399999,0.765043279300004,0.849641167100002,0.809911523100003,0.892242026400003,0.753277595799999,0.703898355400002,0.939961489699999,1.0026073496,1.0029056045,2.3126242884,2.3687296236,2.3258711395,1.1767403084,1.1597727078,1.1283986886,0.779798953699998,0.743732336800001,0.766065052899997,0.471296363599998,0.521399030300003,0.498463197360001,0.530333135000003,0.476091819300003,0.459247543999997,1.20736412736,1.2557102644,1.2958916756,1.2501934823,1.2345927155,1.2030645448,1.0921948246,1.049486462,1.175521056
0.902385340440001,0.992606466740001,1.10003514824,1.44394555754,1.52328927694,1.55555867004,1.09351860642,1.04685870572,1.04056967152,0.564138905999999,0.549441911240002,0.539184922040005,1.10784453031,1.165323114,1.06927358369,0.272692661599996,10000,0.326145172000002,1.2278763768,1.24807224604,1.1562419578,0.907645540720001,0.923198449719997,0.919755755519996,0.746683227040003,0.816958794080001,0.755246632640001,0.870000181800001,0.717991547239997,0.707598605799997,0.908363039640002,0.99658390424,0.960188333399999,2.2867236535,2.3422080447,2.28382606144001,1.1891418714,1.12563536304,1.14173511984,0.758458748840004,0.728289401240001,0.7395668904,0.479677088839999,0.499445885000001,0.461925454000001,0.499203471,0.442516466420001,0.41552889,1.1935420356,1.2410123184,1.30660945536,1.19530649542,1.1855302425,1.17359387792,1.03698205572,1.026886693,1.154324348
0.959384206270003,1.08039838297,1.16868125147,1.49180390477,1.58501947517,1.59524347427,1.1220666565,1.09191146026,1.08199697806,0.641356983999999,0.645329598320002,0.63136148172,1.19255956385,1.246696373,1.13693481723,0.332311813,0.326145172000002,10000,1.1879266948,1.18256904672,1.0841066108,0.93803702326,0.93847046899,0.961832949059996,0.75687876827,0.830591904270003,0.791619513869999,0.834331617800001,0.702566627319996,0.723410372799999,0.975433370869998,1.03884935737,1.0407428764,2.345004392,2.4137583852,2.36335287516999,1.2228784704,1.20651652412,1.16974834892,0.817364950590003,0.803035044319998,0.810841689000002,0.512187160919997,0.559527784520001,0.499217620679997,0.584496391039999,0.474752970959997,0.482630992999997,1.20783285668,1.2444415624,1.28381009228,1.2478614375,1.2450991195,1.219924625,1.0787362728,1.054046619,1.173676778
1.5531240269,1.8587114719,1.9651912158,1.0850713225,1.0984989505,1.0941312312,1.8599538924,1.8208834934,1.8019358622,1.4961985488,1.5061406094,1.4676225598,2.0178896784,2.06838749356,1.9803954564,1.2184745392,1.2278763768,1.1879266948,10000,0.386294416999999,0.363682981799997,1.7576512628,1.7939539244,1.7995597668,1.2704864264,1.3890939168,1.2881784954,1.5994418438,1.51466311,1.4832225946,1.6736101818,1.7851217079,1.751926849,2.7813499022,2.8797774138,2.8270657342,0.808922362999997,0.8080621446,0.788522820800004,0.976812768600002,0.9787905952,0.957830399199999,1.0720011542,1.0503786188,1.04327892042,1.4593677184,1.2900058614,1.258531874,0.539633075399994,0.579680075999995,0.629318111999998,2.01023463429999,1.9860172443,1.9926590074,1.8255521784,1.7649756514,1.8945803992
1.5595062232,1.8739709959,1.994898517,1.0976264533,1.0945019491,1.1036710008,1.9105591979,1.8802361118,1.8919827526,1.5021135416,1.509694335,1.4968339422,2.04526821939,2.10187846309,2.01065365377,1.2501948334,1.24807224604,1.18256904672,0.386294416999999,10000,0.367630830400002,1.7528464284,1.7696912358,1.8006542562,1.30731305716,1.4758280892,1.3369894206,1.621931356,1.532399356,1.5230062724,1.7092095188,1.8217421239,1.7743664682,2.8404081629,2.9313016281,2.8848950203,0.857588052199997,0.852359721800002,0.817500054400002,0.995635646800002,1.0090219042,0.996323663599996,1.0971252918,1.0710040914,1.0437885268,1.49664117318,1.3587498015,1.3090099888,0.507467755039997,0.543264994399995,0.580815545200001,2.0364431889,2.0062516975,1.9869641844,1.8938733388,1.8496537506,1.9783878998
1.5246162337,1.8000446809,1.9292413354,1.0833842029,1.1057981873,1.1180161434,1.8124238157,1.793990499,1.7780293598,1.4287250884,1.4056059286,1.4046021592,1.959363076,2.021339625,1.916509222,1.1462213978,1.1562419578,1.0841066108,0.363682981799997,0.367630830400002,10000,1.717234428,1.716480762,1.74294343979999,1.2066811016,1.36153232444,1.2462831218,1.54445063760001,1.4469718354,1.439954731,1.6573832726,1.7606068711,1.7352506698,2.7692680696,2.8589154598,2.8126550238,0.802793772399998,0.816276758599997,0.776310467800001,0.9228007192,0.933661395,0.919710489199998,1.0063616618,0.981129554399998,0.965323374019997,1.403380614,1.239549385,1.205915893,0.529654768,0.5821672554,0.620245554000003,1.9601785767,1.9390748607,1.9413171602,1.781556514,1.756018768,1.851990215
1.4467435728,1.2943905499,1.222586207,2.0619057467,2.1343322916,2.1160671124,0.599739768800005,0.536734655000004,0.57283892,1.0452803002,1.0572557574,1.0749489308,0.610201028,0.670139176,0.601518140200002,0.912871072600002,0.907645540720001,0.93803702326,1.7576512628,1.7528464284,1.717234428,10000,0.266394169,0.273001429200002,1.3375873868,1.4145658076,1.3582688114,1.0248838558,1.0254904778,1.0304093398,1.431750271,1.3706985647,1.3798625053,1.860819286,1.953152289,1.8928864008,1.7234785204,1.6745138305,1.683772917,1.410432674,1.406956303,1.4071907752,1.1578943334,1.2152646658,1.16234450102,0.752459910000002,0.787643249000002,0.873195351999999,1.727317312,1.750811307,1.7938565924,0.575882068999996,0.522858758799998,0.5206251638,0.750510803200001,0.7660627158,0.833884607999999
1.4314555567,1.2671681803,1.1939468366,2.0496680357,2.1198279846,2.1095462572,0.604398102000003,0.547877274999997,0.595470887000003,1.0322392968,1.0498719428,1.0815753524,0.613813063999998,0.66442848962,0.599761414,0.955492218600002,0.923198449719997,0.93847046899,1.7939539244,1.7696912358,1.716480762,0.266394169,10000,0.2704648572,1.332893282,1.41958247680001,1.3644965756,1.0080398603,1.0007794001,1.0030622246,1.4198551758,1.3423240692,1.3550438045,1.856326833,1.938557876,1.87980434,1.7369513372,1.6820277822,1.699802806,1.4056030658,1.3978658172,1.4079925472,1.1535930874,1.1893951218,1.16740290813,0.742924378999998,0.804158534000002,0.885011965999996,1.740520479,1.7584281418,1.8100788154,0.544256852499999,0.530803811,0.515350607800002,0.735326009400004,0.754269972,0.832899915800003
1.4311158285,1.2606365365,1.1972155278,2.0506993007,2.1117305977,2.1001358159,0.580372448400001,0.528521058199996,0.573984298999998,1.0310333226,1.0379290046,1.0706918618,0.563822749999999,0.613015804999997,0.561940656000002,0.961351226399999,0.919755755519996,0.961832949059996,1.7995597668,1.8006542562,1.74294343979999,0.273001429200002,0.2704648572,10000,1.3720523068,1.44879479356,1.389235678,1.0425072887,1.0338668349,1.0516853782,1.4230497078,1.3600698186,1.3747915205,1.803567678,1.889862699,1.831564312,1.7279909542,1.6835129748,1.6923888876,1.4048873526,1.4286658628,1.4038181526,1.1789389922,1.1934656396,1.16597028492999,0.763768233679997,0.798626684399999,0.888186508039997,1.7310204228,1.7765123518,1.8235927042,0.547339744999999,0.504273423000001,0.482119638999999,0.750404641999996,0.811621953,0.864988908999998
1.069815251,1.2258209518,1.31461109,1.4820405756,1.557142064,1.5463505378,1.3971244579,1.3523727102,1.281377044,0.935371959799997,0.926930118799999,0.916142400600001,1.47293892159,1.51886634749,1.42302564697,0.765043279300004,0.746683227040003,0.75687876827,1.2704864264,1.30731305716,1.2066811016,1.3375873868,1.332893282,1.3720523068,10000,0.437987251679999,0.334758934,0.845624249199997,0.714755382899997,0.661225692799999,1.1356072044,1.2091256418,1.1762436194,2.4589562153,2.5048641703,2.4625515989,1.4076858302,1.3462243334,1.3641054118,0.962078443600002,0.949718900600003,0.970802707199998,0.7916287562,0.816103255999999,0.764922453800003,0.959669302380001,0.874585579899998,0.8594941301,1.34369111536,1.41890221446,1.43377637596,1.60401361392,1.5705514457,1.56740421922,1.0151724632,0.956466663799995,1.1005496018
1.1444461144,1.273067925,1.35132494956,1.61228029746,1.64662980876,1.6559703253,1.4092779585,1.3921097438,1.3142005446,0.972377867599999,0.975796931000001,0.948586480600003,1.50183118839,1.54861853109,1.44308847977,0.849641167100002,0.816958794080001,0.830591904270003,1.3890939168,1.4758280892,1.36153232444,1.4145658076,1.41958247680001,1.44879479356,0.437987251679999,10000,0.406153665939999,0.827528739040004,0.76787386674,0.745267975640001,1.179099233,1.264551573,1.2066950016,2.534054347,2.597131678,2.5350959705,1.471641424,1.439100776,1.460932494,1.0589808998,1.0444652796,1.0789599876,0.919324058000002,0.916159979000001,0.897927871600001,0.980029408180002,0.939182567500001,0.912144118900005,1.483064612,1.59591781574,1.6203916032,1.6708839523,1.64123605240001,1.6272103704,1.0545646658,1.0190038706,1.0236156226
1.0524992218,1.2117910862,1.2923532428,1.4614416985,1.5264815071,1.5317564443,1.3867880503,1.3819576966,1.2946325264,0.936762262600003,0.9051563564,0.874518148200002,1.43843408839,1.48553492689,1.39128006257,0.809911523100003,0.755246632640001,0.791619513869999,1.2881784954,1.3369894206,1.2462831218,1.3582688114,1.3644965756,1.389235678,0.334758934,0.406153665939999,10000,0.903457078800001,0.764017587899998,0.694587843399998,1.093926318,1.1971627826,1.1555258958,2.46711477160001,2.5012647606,2.4676339174,1.3808696891,1.3246491298,1.3595385542,0.934683262000001,0.928507173400003,0.954166614300001,0.782208792500002,0.800088075900003,0.768493062890004,0.925309148780004,0.871823284299998,0.8743661619,1.355885822,1.4331924411,1.4718160898,1.6079156304,1.58978734730001,1.5630899628,1.0047609616,0.998594553600003,1.0964126856
1.2383028301,1.0868181959,1.0551048798,1.8792233182,1.8923241072,1.9261185648,1.099859023,1.0744334187,1.0205827627,0.967917738000003,0.945882701200002,0.978051130000001,1.141524466,1.20567975,1.08266084947,0.892242026400003,0.870000181800001,0.834331617800001,1.5994418438,1.621931356,1.54445063760001,1.0248838558,1.0080398603,1.0425072887,0.845624249199997,0.827528739040004,0.903457078800001,10000,0.456692929,0.492969048199995,1.2184320266,1.1602361649,1.1596304424,2.2728300772,2.3446723705,2.3047311131,1.7057453911,1.6672740752,1.6569264394,1.30809815180001,1.2846370964,1.2981759942,1.1172175218,1.1261045254,1.08409586462,0.769251180800001,0.780532947400001,0.836771692800003,1.7111495256,1.7819028718,1.787278233,1.279656283,1.26552958100001,1.22430153050001,0.741989647700002,0.6859003518,0.789466852
1.1205931488,1.0419174002,1.0807693737,1.7633482927,1.8046384486,1.8155038239,1.1047107568,1.0957816521,1.0228212969,0.864245698199997,0.852833738399998,0.890616824599995,1.17756593139,1.20375836589,1.12521933357,0.753277595799999,0.717991547239997,0.702566627319996,1.51466311,1.532399356,1.4469718354,1.0254904778,1.0007794001,1.0338668349,0.714755382899997,0.76787386674,0.764017587899998,0.456692929,10000,0.357798482000001,1.1393797655,1.094869741,1.0904792091,2.2922172312,2.3411378017,2.3054541222,1.5690466147,1.5432149856,1.5467549026,1.1695671975,1.1594625472,1.1815027974,0.9608145776,0.973381312,0.937306211839998,0.691003645219998,0.683154493899997,0.6913601179,1.5924647572,1.6635212042,1.6709456076,1.2698367488,1.2444899318,1.2258421313,0.754531997100001,0.705215694599999,0.825001402599999
1.0880725349,1.0130962715,1.0455503974,1.6969370722,1.7589501961,1.7467804104,1.1092146403,1.0849296742,1.0196899242,0.808319774400001,0.8168252952,0.8397207242,1.1491770248,1.17205867056,1.100827446,0.703898355400002,0.707598605799997,0.723410372799999,1.4832225946,1.5230062724,1.439954731,1.0304093398,1.0030622246,1.0516853782,0.661225692799999,0.745267975640001,0.694587843399998,0.492969048199995,0.357798482000001,10000,1.0559191426,1.0310519547,1.022722073,2.2646034009,2.322247549,2.2841148935,1.52915981,1.5016450078,1.4853658756,1.129630915,1.110218958,1.138476397,0.9102755628,0.958056419399998,0.897644214220004,0.681868011800001,0.653917464999998,0.685803951799997,1.5724640176,1.6166941598,1.6827465222,1.2771546133,1.2776351143,1.2572109608,0.7528145342,0.686891116799995,0.805317290399996
0.529857584600004,0.480294946799998,0.586536298400001,1.0602290827,1.1129771733,1.149543439,1.5710539197,1.523805706,1.5229781938,0.707834451199999,0.724490966400001,0.716816539800002,1.32062307159,1.33701997429,1.27011386697,0.939961489699999,0.908363039640002,0.975433370869998,1.6736101818,1.7092095188,1.6573832726,1.431750271,1.4198551758,1.4230497078,1.1356072044,1.179099233,1.093926318,1.2184320266,1.1393797655,1.0559191426,10000,0.3182934284,0.303584904200001,2.2427461398,2.2619295132,2.2144414918,1.4952118887,1.4446266888,1.4922467848,0.998923362200001,1.0027169096,0.992661455500001,0.916062878499998,0.941389305100001,0.960049013090003,1.01210691778,1.0114716307,0.972730620899998,1.67309784616,1.7079535269,1.7673569376,1.6061198556,1.5767194226,1.5566876346,1.408563891,1.4006348566,1.4715437508
0.635913784400003,0.4300526215,0.494917046500003,1.1704464458,1.2353865776,1.252576039,1.5058606229,1.471589165,1.46998544,0.761466028400001,0.810170170099999,0.7769172044,1.21467250909,1.21629690619,1.15294181467,1.0026073496,0.99658390424,1.03884935737,1.7851217079,1.8217421239,1.7606068711,1.3706985647,1.3423240692,1.3600698186,1.2091256418,1.264551573,1.1971627826,1.1602361649,1.094869741,1.0310519547,0.3182934284,10000,0.2578557708,2.1712052062,2.2062027732,2.1611580302,1.5942361005,1.55193468,1.5991479724,1.0991178682,1.0908910576,1.108755768,1.0026216546,1.0337935936,1.0534475056,0.947824278379998,0.987128355999997,0.973726521599995,1.80439234536,1.8207429796,1.8903762207,1.5189610419,1.4947855884,1.4725273843,1.3583591981,1.3283145671,1.4094555331
0.612064540200002,0.462083486399996,0.549320572199998,1.1420504675,1.1986814481,1.2429290876,1.5294993034,1.5002888937,1.4949418043,0.773688602999996,0.785934162199997,0.772177239400001,1.25041359049,1.25879525089,1.18789318757,1.0029056045,0.960188333399999,1.0407428764,1.751926849,1.7743664682,1.7352506698,1.3798625053,1.3550438045,1.3747915205,1.1762436194,1.2066950016,1.1555258958,1.1596304424,1.0904792091,1.022722073,0.303584904200001,0.2578557708,10000,2.1919331486,2.2074671316,2.154693598,1.5751078338,1.5334709168,1.5759169478,1.0639077666,1.0628537288,1.0653014804,0.976338768999998,1.003365198,1.019997164,0.962576287980001,0.998353065300001,0.979311866300001,1.7465888836,1.7921271121,1.8454381276,1.547407446,1.5339821443,1.5027678359,1.3612767546,1.3289397478,1.40995259
2.2850318314,2.1042064564,2.0365006988,2.5336439852,2.53631843400001,2.499657927,1.6845885156,1.680963238,1.7699982674,2.1403954105,2.1233058909,2.1381845078,1.55286632122,1.48716232982,1.58891021546,2.3126242884,2.2867236535,2.345004392,2.7813499022,2.8404081629,2.7692680696,1.860819286,1.856326833,1.803567678,2.4589562153,2.534054347,2.46711477160001,2.2728300772,2.2922172312,2.2646034009,2.2427461398,2.1712052062,2.1919331486,10000,0.310450103000004,0.298920623999998,2.6354650217,2.591642312,2.61825263700001,2.36000634110001,2.3806653296,2.3615541908,2.3402772455,2.374599391,2.3823572394,2.11066225427,2.202668383,2.2413985662,2.78716031776,2.8452231953,2.8839927531,1.593879431,1.620147127,1.628339553,2.021940075,2.0331609294,2.0497066984
2.3198822644,2.1351509354,2.0721972708,2.5729932448,2.5735937376,2.5393330876,1.7850683836,1.78747591,1.878957613,2.211164042,2.1773594598,2.201319872,1.6306138835,1.58090270402,1.66865977905,2.3687296236,2.3422080447,2.4137583852,2.8797774138,2.9313016281,2.8589154598,1.953152289,1.938557876,1.889862699,2.5048641703,2.597131678,2.5012647606,2.3446723705,2.3411378017,2.322247549,2.2619295132,2.2062027732,2.2074671316,0.310450103000004,10000,0.270713205799997,2.7240885224,2.6705745144,2.688767916,2.4192686705,2.43532170789999,2.4177824891,2.40406486209999,2.445207797,2.43764312499,2.16386679527,2.2897782782,2.33906935467,2.87266758736,2.9353121548,2.9622867989,1.697719782,1.732790344,1.720964707,2.0904557406,2.0909394046,2.1164733386
2.2865836603,2.1146483284,2.0355141548,2.52655372800001,2.542636515,2.5146724598,1.7125342654,1.725783994,1.812597766,2.16614794,2.1451538462,2.1614768527,1.5942798825,1.52680647662,1.645150427,2.3258711395,2.28382606144001,2.36335287516999,2.8270657342,2.8848950203,2.8126550238,1.8928864008,1.87980434,1.831564312,2.4625515989,2.5350959705,2.4676339174,2.3047311131,2.3054541222,2.2841148935,2.2144414918,2.1611580302,2.154693598,0.298920623999998,0.270713205799997,10000,2.6637724677,2.6267777814,2.648704813,2.3764081616,2.3943914943,2.3701862227,2.36256725369999,2.382661429,2.37867598277,2.11261941127,2.2302691992,2.26692358987,2.82551324776,2.8835068465,2.9185128519,1.63755963,1.669813281,1.660753742,2.0156517568,2.0392008224,2.0675544246
1.4304640595,1.6270303751,1.7480239967,0.9517562295,0.963014105100002,0.947316185400001,1.8818346631,1.844157605,1.8600359342,1.2442447094,1.2202172232,1.1874354912,1.76578330864,1.762119794,1.68765807912,1.1767403084,1.1891418714,1.2228784704,0.808922362999997,0.857588052199997,0.802793772399998,1.7234785204,1.7369513372,1.7279909542,1.4076858302,1.471641424,1.3808696891,1.7057453911,1.5690466147,1.52915981,1.4952118887,1.5942361005,1.5751078338,2.6354650217,2.7240885224,2.6637724677,10000,0.3127063436,0.256767130399997,0.808487574000001,0.793552123999996,0.799026177000001,0.960749710999997,0.917021284999997,0.945981506999997,1.39255947448,1.3586406226,1.317801068,0.721637696799992,0.762118577599999,0.789123544999998,1.9182446519,1.8936449929,1.8698017124,1.861246252,1.8376455682,1.8804766574
1.3682000348,1.5883912826,1.7001248772,0.933793625099999,0.9152770043,0.910457027000001,1.8802194127,1.8227518712,1.8355147048,1.1763718984,1.1464803004,1.1381800174,1.72030368143,1.74044610184,1.64505198229,1.1597727078,1.12563536304,1.20651652412,0.8080621446,0.852359721800002,0.816276758599997,1.6745138305,1.6820277822,1.6835129748,1.3462243334,1.439100776,1.3246491298,1.6672740752,1.5432149856,1.5016450078,1.4446266888,1.55193468,1.5334709168,2.591642312,2.6705745144,2.6267777814,0.3127063436,10000,0.272430806000005,0.737323136000005,0.765209589000001,0.743300496000003,0.896230234999998,0.889502997000002,0.877237427000006,1.36204041248,1.3184991011,1.2840569806,0.665602343799998,0.725173192400001,0.7597688634,1.8370321955,1.8154301301,1.810719708,1.7974649222,1.8067669468,1.8948086398
1.3960757668,1.6317061202,1.736583347,0.958846840899998,0.962956140600001,0.940568531000001,1.8776966439,1.8397795226,1.8385272852,1.2042326032,1.1760840074,1.1762004946,1.72136148683,1.74609740173,1.65974102169,1.1283986886,1.14173511984,1.16974834892,0.788522820800004,0.817500054400002,0.776310467800001,1.683772917,1.699802806,1.6923888876,1.3641054118,1.460932494,1.3595385542,1.6569264394,1.5467549026,1.4853658756,1.4922467848,1.5991479724,1.5759169478,2.61825263700001,2.688767916,2.648704813,0.256767130399997,0.272430806000005,10000,0.761341755600007,0.747638137399996,0.736163740400004,0.911417756199996,0.886203394000002,0.879404544440004,1.34955779222,1.3276102093,1.29709482574,0.649826919999997,0.718246952000002,0.7137977782,1.8659777105,1.8685354105,1.846281702,1.8265605508,1.799698392,1.8718457036
0.914940430000001,1.1452765652,1.288175348,0.964782062599999,1.0171943463,1.0184332024,1.6083748819,1.5429438704,1.5599899362,0.775368146399999,0.766461487,0.760607584600004,1.36828712099,1.41661866789,1.31167623957,0.779798953699998,0.758458748840004,0.817364950590003,0.976812768600002,0.995635646800002,0.9228007192,1.410432674,1.4056030658,1.4048873526,0.962078443600002,1.0589808998,0.934683262000001,1.30809815180001,1.1695671975,1.129630915,0.998923362200001,1.0991178682,1.0639077666,2.36000634110001,2.4192686705,2.3764081616,0.808487574000001,0.737323136000005,0.761341755600007,10000,0.280024774999999,0.238029588000002,0.4770385936,0.468670194600002,0.467619556640006,0.97586236398,0.949957128100003,0.919287260700002,0.917751090460002,0.996035665600003,1.0688000942,1.6284367039,1.5839115713,1.5721242098,1.4946044544,1.4926037444,1.5810909454
0.939106655,1.159127149,1.3025125336,0.972761918499999,1.0410426491,1.0546885141,1.56145205170001,1.509084255,1.5355198468,0.761373313600001,0.786802128799998,0.744255673200003,1.38135696759,1.42067741629,1.31757855617,0.743732336800001,0.728289401240001,0.803035044319998,0.9787905952,1.0090219042,0.933661395,1.406956303,1.3978658172,1.4286658628,0.949718900600003,1.0444652796,0.928507173400003,1.2846370964,1.1594625472,1.110218958,1.0027169096,1.0908910576,1.0628537288,2.3806653296,2.43532170789999,2.3943914943,0.793552123999996,0.765209589000001,0.747638137399996,0.280024774999999,10000,0.265232891599999,0.439215805600001,0.403535505000001,0.481588682000001,0.931481414379998,0.921785763499999,0.880536177899997,0.944254003799998,1.0028054826,1.0873959068,1.6176982375,1.6031525737,1.6141364962,1.482076009,1.4490253446,1.5475003356
0.908914413599999,1.1595591908,1.287611833,0.940125777499998,1.0031835732,1.0118493633,1.6079576979,1.5544069392,1.565035597,0.76403413,0.782624698999996,0.761533563399998,1.38202345979,1.44130857709,1.34011793577,0.766065052899997,0.7395668904,0.810841689000002,0.957830399199999,0.996323663599996,0.919710489199998,1.4071907752,1.4079925472,1.4038181526,0.970802707199998,1.0789599876,0.954166614300001,1.2981759942,1.1815027974,1.138476397,0.992661455500001,1.108755768,1.0653014804,2.3615541908,2.4177824891,2.3701862227,0.799026177000001,0.743300496000003,0.736163740400004,0.238029588000002,0.265232891599999,10000,0.478806062599996,0.452263551199998,0.456669011200002,0.982715158979999,0.953102897899997,0.921106885699999,0.907498803559999,0.965180474900001,1.045743653,1.6175077921,1.5749474081,1.5846515176,1.5088632932,1.5060531634,1.5953211904
0.857523189999999,1.0596265376,1.2057705232,1.1917112212,1.2674708196,1.2766932647,1.3759467505,1.3309881944,1.3378442532,0.622981351799999,0.660123132999998,0.607621186199997,1.26120612699,1.30709304369,1.19488068636999,0.471296363599998,0.479677088839999,0.512187160919997,1.0720011542,1.0971252918,1.0063616618,1.1578943334,1.1535930874,1.1789389922,0.7916287562,0.919324058000002,0.782208792500002,1.1172175218,0.9608145776,0.9102755628,0.916062878499998,1.0026216546,0.976338768999998,2.3402772455,2.40406486209999,2.36256725369999,0.960749710999997,0.896230234999998,0.911417756199996,0.4770385936,0.439215805600001,0.478806062599996,10000,0.2617287914,0.268938211239999,0.703297224780001,0.689511279100001,0.640814015499996,1.021571914,1.0632917298,1.1414933142,1.4068361135,1.38230183050001,1.391924652,1.3042282514,1.2723555212,1.3790003432
0.876113628000003,1.0828945776,1.2337326406,1.1490823,1.2241843684,1.2413852445,1.4003116525,1.3409314368,1.3516167816,0.660346771400002,0.670463184800003,0.640782690600005,1.29881504739,1.32638642209,1.24364876477,0.521399030300003,0.499445885000001,0.559527784520001,1.0503786188,1.0710040914,0.981129554399998,1.2152646658,1.1893951218,1.1934656396,0.816103255999999,0.916159979000001,0.800088075900003,1.1261045254,0.973381312,0.958056419399998,0.941389305100001,1.0337935936,1.003365198,2.374599391,2.445207797,2.382661429,0.917021284999997,0.889502997000002,0.886203394000002,0.468670194600002,0.403535505000001,0.452263551199998,0.2617287914,10000,0.263437145839998,0.745355603180003,0.7171805035,0.656697449900004,0.993603070360002,1.0518850138,1.1262950794,1.4212531625,1.4309166655,1.426044255,1.3204592893,1.2877368726,1.3971824626
0.8716955586,1.0902266972,1.2256623302,1.20672931739,1.26367286179,1.28228125889,1.3732667755,1.31441831602,1.31261353782,0.682833609560001,0.66997531224,0.655710143000001,1.26597514561,1.34122249331,1.2306714391,0.498463197360001,0.461925454000001,0.499217620679997,1.04327892042,1.0437885268,0.965323374019997,1.16234450102,1.16740290813,1.16597028492999,0.764922453800003,0.897927871600001,0.768493062890004,1.08409586462,0.937306211839998,0.897644214220004,0.960049013090003,1.0534475056,1.019997164,2.3823572394,2.43764312499,2.37867598277,0.945981506999997,0.877237427000006,0.879404544440004,0.467619556640006,0.481588682000001,0.456669011200002,0.268938211239999,0.263437145839998,10000,0.703798386400002,0.68423632972,0.632882523119998,0.976873627759997,1.0374430772,1.09160326156,1.4141089535,1.3923176945,1.370907959,1.2882406368,1.26058177182,1.37476050182
1.07384134858,0.932141031979997,0.917063186380001,1.66879848493,1.72033431563,1.73502821318,0.827210647280003,0.802792486240004,0.802263943040001,0.724698777000001,0.702539221020002,0.733036229999999,0.849069138639999,0.915079847240001,0.809160385039999,0.530333135000003,0.499203471,0.584496391039999,1.4593677184,1.49664117318,1.403380614,0.752459910000002,0.742924378999998,0.763768233679997,0.959669302380001,0.980029408180002,0.925309148780004,0.769251180800001,0.691003645219998,0.681868011800001,1.01210691778,0.947824278379998,0.962576287980001,2.11066225427,2.16386679527,2.11261941127,1.39255947448,1.36204041248,1.34955779222,0.97586236398,0.931481414379998,0.982715158979999,0.703297224780001,0.745355603180003,0.703798386400002,10000,0.36177836928,0.374640452880004,1.45717312838,1.525273867,1.576901053,0.990628212499998,0.954572721999997,0.95219267328,0.805483754659998,0.749300998680001,0.877270394679997
1.0455661042,1.0010135224,1.0493304945,1.6338253869,1.7127381848,1.7309298185,0.895794494400004,0.822814556799998,0.837690216799997,0.7318254035,0.698786360500002,0.7209811979,1.00514700084,1.054751192,0.956973653799999,0.476091819300003,0.442516466420001,0.474752970959997,1.2900058614,1.3587498015,1.239549385,0.787643249000002,0.804158534000002,0.798626684399999,0.874585579899998,0.939182567500001,0.871823284299998,0.780532947400001,0.683154493899997,0.653917464999998,1.0114716307,0.987128355999997,0.998353065300001,2.202668383,2.2897782782,2.2302691992,1.3586406226,1.3184991011,1.3276102093,0.949957128100003,0.921785763499999,0.953102897899997,0.689511279100001,0.7171805035,0.68423632972,0.36177836928,10000,0.251401305639996,1.3550110407,1.400561299,1.49250981510001,1.0511456295,1.051603255,1.039885136,0.880478023799997,0.852818960999997,0.983561190399997
1.0319664842,1.001273582,1.0762936583,1.59825070739,1.64849472369,1.6906103609,0.891460074039998,0.857166545439998,0.876891226039997,0.722357203999998,0.694423360500002,0.708232751399999,1.04582698448,1.09143044804,1.00229634836,0.459247543999997,0.41552889,0.482630992999997,1.258531874,1.3090099888,1.205915893,0.873195351999999,0.885011965999996,0.888186508039997,0.8594941301,0.912144118900005,0.8743661619,0.836771692800003,0.6913601179,0.685803951799997,0.972730620899998,0.973726521599995,0.979311866300001,2.2413985662,2.33906935467,2.26692358987,1.317801068,1.2840569806,1.29709482574,0.919287260700002,0.880536177899997,0.921106885699999,0.640814015499996,0.656697449900004,0.632882523119998,0.374640452880004,0.251401305639996,10000,1.3342827646,1.362817594,1.456173607,1.1148476227,1.0932519617,1.114201153,0.947556545839999,0.914163130640002,1.0211961868
1.52896409836,1.82900927386,1.95886603856,1.0005277957,0.970929831099998,0.9699500302,1.9780624391,1.920474673,1.9090018088,1.40141546456,1.388627789,1.393182911,1.97671644059,2.03133412029,1.94239017897,1.20736412736,1.1935420356,1.20783285668,0.539633075399994,0.507467755039997,0.529654768,1.727317312,1.740520479,1.7310204228,1.34369111536,1.483064612,1.355885822,1.7111495256,1.5924647572,1.5724640176,1.67309784616,1.80439234536,1.7465888836,2.78716031776,2.87266758736,2.82551324776,0.721637696799992,0.665602343799998,0.649826919999997,0.917751090460002,0.944254003799998,0.907498803559999,1.021571914,0.993603070360002,0.976873627759997,1.45717312838,1.3550110407,1.3342827646,10000,0.363365486639998,0.344533549759995,1.9495282751,1.9340190681,1.9076245296,1.90667925,1.8758497088,2.0251871238
