10000,3.36753613288,2.62734682833,6.59533719293,2.21786719473,2.026871808552,2.44440269963,2.48657103793,6.16992353093,6.1981598500291,6.99122076903,6.19512322647,5.88937323499,7.01616925019,7.62858286994,5.9475947722,7.11825281293,7.54276423956001,6.68716678695,7.34721978635,8.85111806783,9.78494241378,7.34093936814,9.28942349269,7.59539014222,6.29856215235,10.06409479245,9.05538949643,9.00133525660001,8.57340192898
3.36753613288,10000,3.4484848614,6.37517830446,3.09591531662,3.554737444732,3.492601004,3.52803290169,7.02506884760001,6.62399285838,6.41446439672,6.28239530928,6.64361622372,6.40126927046,7.43431708217,6.45348938222,7.05690752194,6.56313765289,6.19256293064,6.46923616476,7.75343251492,8.90373646346,7.6199715231,8.34794873036001,7.55110555224001,6.74139566882,8.76406573472,8.04210597512,7.95368744574,7.50247926958
2.62734682833,3.4484848614,10000,7.09454803164001,3.08908639537,2.534404659001,2.91202183991,2.58086021243,6.3155804362,5.6029523138791,7.5562001212,6.93616095774,6.41760648506,7.54925478215,7.68400516499,6.77413458031,6.80574248015,7.50026355529,7.25619999577,7.5547579536,9.2149011209,9.89602277065999,7.05093681634001,9.10475697273,7.01767141112,7.09772130164,10.06796757745,9.14936325001999,9.41742769534,8.94695231601
6.59533719293,6.37517830446,7.09454803164001,10000,5.91772115464,6.727272633362,6.48746717794,7.1384875757,3.5041414475,4.22781971574,5.41553037526,4.6422978575,4.4907968967,5.40427645738,6.34310667414,4.53144440266,5.851089745,5.84324531826,5.44459960274,5.75098314293,7.6136974053,7.86854750568,7.42806781010001,6.62202300754,8.42619095437999,5.4340632676,7.48061644173001,7.85030779797,7.4551769402,6.91946522699999
2.21786719473,3.09591531662,3.08908639537,5.91772115464,10000,2.67547874375,2.44681812873,2.90025053651,6.942450733,6.813184449619,6.42948628454999,5.89277031965,6.10954894102,6.35122438846,7.42169837005,6.08212984623,7.01358314171001,6.86447445446,6.13513842391,6.73169463492,8.15008177555,9.50083181210999,7.06756889156,8.70530678907,7.26849028648,6.11119519868,9.43105534646999,8.37580889998,8.09541939968,7.93248220704
2.026871808552,3.554737444732,2.534404659001,6.727272633362,2.67547874375,10000,2.850461517203,2.529722770189,5.739868748092,6.3054107001523,7.174856363699,6.527327010892,5.84182738829,7.050993538252,7.720826938542,6.264568201182,6.962768602242,7.489112981442,6.83559237714301,7.464683706762,8.92252711531901,10.122619168911,6.84080880988,9.299401263043,7.3861821003,6.310144535993,10.010994620049,9.25013650216,9.28586763457,8.675264673038
2.44440269963,3.492601004,2.91202183991,6.48746717794,2.44681812873,2.850461517203,10000,1.87047521553,6.77731972852,6.7767557247802,6.6527072784,6.09966453544,6.17886776673,6.83583164772,7.40926697623001,6.15393560906,7.07900310584,7.10063970497,6.5703818751,6.99851491176,8.08211756664,9.42528845456,7.06280179114,8.11377895825001,7.25508719948,6.21075735642,9.27832598882,8.29876678169999,8.74860964934,8.56120586549
2.48657103793,3.52803290169,2.58086021243,7.1384875757,2.90025053651,2.529722770189,1.87047521553,10000,6.6604329879,6.7932977180597,7.22144481272,6.52555227015,6.37156238874,7.06156794021999,7.68887553234,6.22925119346,7.31561294198,7.4543687228,7.01005223922,7.36719544819001,8.3757399892,9.4053142299,7.0260086429,8.56769334318,7.58695158269,6.532325519,9.27841698399,8.58121689032,9.2716012299,8.78625986337999
6.16992353093,7.02506884760001,6.3155804362,3.5041414475,6.942450733,5.739868748092,6.77731972852,6.6604329879,10000,3.5798481214497,6.67217271106,5.85422431909999,5.55650012066,6.56601345884,6.98385402586,5.69447245063,6.43929554272,7.02172873789,6.51668566472,7.09220785124,7.4055960854,8.44128715026,4.56711511000001,6.44493482441001,6.1706685016,3.6940433949,6.91922902057001,7.68298125277,8.3482048567,7.62040934022001
6.1981598500291,6.62399285838,5.6029523138791,4.22781971574,6.813184449619,6.3054107001523,6.7767557247802,6.7932977180597,3.5798481214497,10000,6.0640666328804,6.0722586175501,6.2447037768501,6.0182170470098,6.91339810838,6.2053699063598,6.23524193126,6.2941522799199,5.6351801572297,6.49052355124,7.283856238699,7.9446153496493,6.43547809030001,7.4325126371493,6.8087236868303,4.2389447210798,7.8553183556989,8.23372964924969,7.9943903556691,6.87704224426931
6.99122076903,6.41446439672,7.5562001212,5.41553037526,6.42948628454999,7.174856363699,6.6527072784,7.22144481272,6.67217271106,6.0640666328804,10000,2.8275809798,3.06219764344,1.82506354836,3.67112452297,2.88215456184,3.45306808584,2.15189751099,1.7296909288,1.9099135972,6.89055849087,7.4227163621,7.1742776148,7.2987822083,6.662656363,6.01336579539,7.70345324028,8.53536117662,5.41523143271,5.96670837485
6.19512322647,6.28239530928,6.93616095774,4.6422978575,5.89277031965,6.527327010892,6.09966453544,6.52555227015,5.85422431909999,6.0722586175501,2.8275809798,10000,2.09385100646,2.87429555181,3.74698437146,1.85280274373,3.21157817954,3.15515089579,2.6646486389,3.13286599006,7.3921392448,8.02447646578,6.3215246124,6.53974384719,6.67903830546,5.1293735333,7.41311789445,7.51565749861,5.8408106117,6.50029951968
5.88937323499,6.64361622372,6.41760648506,4.4907968967,6.10954894102,5.84182738829,6.17886776673,6.37156238874,5.55650012066,6.2447037768501,3.06219764344,2.09385100646,10000,3.11678691276,3.53846510932,1.66815636921,2.84967902092,3.24257803501,2.70118747676,3.44664339534,7.0492218404,7.9289223478,5.75445809716,6.17105619212,6.34056075348,5.24465902914,6.81183637103,6.99113872238,6.09624086556,6.46068340096
7.01616925019,6.40126927046,7.54925478215,5.40427645738,6.35122438846,7.050993538252,6.83583164772,7.06156794021999,6.56601345884,6.0182170470098,1.82506354836,2.87429555181,3.11678691276,10000,3.7633473474,2.91559817118,3.6139503937,2.13898741122,1.75410768854,2.40298190897,7.05508714926,7.4702788268,7.09475015027,7.41341042391,6.90906989977,6.31566487354,7.76634674782001,8.28599458213,5.56953015262,6.06100678222
7.62858286994,7.43431708217,7.68400516499,6.34310667414,7.42169837005,7.720826938542,7.40926697623001,7.68887553234,6.98385402586,6.91339810838,3.67112452297,3.74698437146,3.53846510932,3.7633473474,10000,3.47932132378,2.69352869302,3.99842094198,3.76824183584,3.7481272539,7.04980683465,7.44136305874,7.3091321411,7.26890667196,6.0741102047,6.98909838352,7.60729924502,8.7822236104,6.89780209893,7.21696226124
5.9475947722,6.45348938222,6.77413458031,4.53144440266,6.08212984623,6.264568201182,6.15393560906,6.22925119346,5.69447245063,6.2053699063598,2.88215456184,1.85280274373,1.66815636921,2.91559817118,3.47932132378,10000,2.87715454933,3.27333685245,2.72690343449,3.0666418516,7.11425762248,7.98041027186,6.02701956109,6.33651621911,6.4017664636,5.00861403891,7.09893288043,7.85523922287999,5.91717184735,6.44933620503
7.11825281293,7.05690752194,6.80574248015,5.851089745,7.01358314171001,6.962768602242,7.07900310584,7.31561294198,6.43929554272,6.23524193126,3.45306808584,3.21157817954,2.84967902092,3.6139503937,2.69352869302,2.87715454933,10000,3.50215968,3.57363091495,3.51312694518,6.84363236341,8.19364990358,6.4422634386,7.01927655804,5.1299821579,6.20139431176,7.15648808074,8.02691904047,6.8821056026,7.33365435932
7.54276423956001,6.56313765289,7.50026355529,5.84324531826,6.86447445446,7.489112981442,7.10063970497,7.4543687228,7.02172873789,6.2941522799199,2.15189751099,3.15515089579,3.24257803501,2.13898741122,3.99842094198,3.27333685245,3.50215968,10000,2.40336939852,1.93140799019,7.03961247729,7.75236354425,7.09611735117,7.60662392739,6.97903102243,6.45969574891,7.89817312844,8.4899052468,5.7397737954,6.55570335292
6.68716678695,6.19256293064,7.25619999577,5.44459960274,6.13513842391,6.83559237714301,6.5703818751,7.01005223922,6.51668566472,5.6351801572297,1.7296909288,2.6646486389,2.70118747676,1.75410768854,3.76824183584,2.72690343449,3.57363091495,2.40336939852,10000,2.4151507088,7.16893706318,7.22825767498,6.83022603134,7.05445466875,6.93712304581,5.82694013577,7.50666025555,7.86313009926,5.26647716138,5.63764720464001
7.34721978635,6.46923616476,7.5547579536,5.75098314293,6.73169463492,7.464683706762,6.99851491176,7.36719544819001,7.09220785124,6.49052355124,1.9099135972,3.13286599006,3.44664339534,2.40298190897,3.7481272539,3.0666418516,3.51312694518,1.93140799019,2.4151507088,10000,6.95327802225,7.92754722727,7.38583514769,7.6448225569,6.64598813536,6.22303759348,7.8490506166,9.1881325695,5.87794906274,6.60137573922
8.85111806783,7.75343251492,9.2149011209,7.6136974053,8.15008177555,8.92252711531901,8.08211756664,8.3757399892,7.4055960854,7.283856238699,6.89055849087,7.3921392448,7.0492218404,7.05508714926,7.04980683465,7.11425762248,6.84363236341,7.03961247729,7.16893706318,6.95327802225,10000,4.4588180961,7.1647740011,3.79116457193,7.72291594133,7.1949862515,3.32507987604,4.17136288751,5.38287638925,4.48197939099
9.78494241378,8.90373646346,9.89602277065999,7.86854750568,9.50083181210999,10.122619168911,9.42528845456,9.4053142299,8.44128715026,7.9446153496493,7.4227163621,8.02447646578,7.9289223478,7.4702788268,7.44136305874,7.98041027186,8.19364990358,7.75236354425,7.22825767498,7.92754722727,4.4588180961,10000,8.2518962221,4.5740026253,8.76116547872,7.67470096208001,4.39293952471,4.63481506557,5.29640757808,4.1724106544
7.34093936814,7.6199715231,7.05093681634001,7.42806781010001,7.06756889156,6.84080880988,7.06280179114,7.0260086429,4.56711511000001,6.43547809030001,7.1742776148,6.3215246124,5.75445809716,7.09475015027,7.3091321411,6.02701956109,6.4422634386,7.09611735117,6.83022603134,7.38583514769,7.1647740011,8.2518962221,10000,6.21661219311,3.15752837082,3.2425202785,6.43743461569,5.57957035706,6.7450469476,7.06119384098
9.28942349269,8.34794873036001,9.10475697273,6.62202300754,8.70530678907,9.299401263043,8.11377895825001,8.56769334318,6.44493482441001,7.4325126371493,7.2987822083,6.53974384719,6.17105619212,7.41341042391,7.26890667196,6.33651621911,7.01927655804,7.60662392739,7.05445466875,7.6448225569,3.79116457193,4.5740026253,6.21661219311,10000,6.53947380028,6.05869956423,2.51440842507,3.04447098914,4.50387627104,4.15027574938
7.59539014222,7.55110555224001,7.01767141112,8.42619095437999,7.26849028648,7.3861821003,7.25508719948,7.58695158269,6.1706685016,6.8087236868303,6.662656363,6.67903830546,6.34056075348,6.90906989977,6.0741102047,6.4017664636,5.1299821579,6.97903102243,6.93712304581,6.64598813536,7.72291594133,8.76116547872,3.15752837082,6.53947380028,10000,3.5870796551,6.93059258911,5.85796094201,7.03873587612,7.61313777268
6.29856215235,6.74139566882,7.09772130164,5.4340632676,6.11119519868,6.310144535993,6.21075735642,6.532325519,3.6940433949,4.2389447210798,6.01336579539,5.1293735333,5.24465902914,6.31566487354,6.98909838352,5.00861403891,6.20139431176,6.45969574891,5.82694013577,6.22303759348,7.1949862515,7.67470096208001,3.2425202785,6.05869956423,3.5870796551,10000,7.04212544317,6.04249341446,5.9493206641,6.34076695304
10.06409479245,8.76406573472,10.06796757745,7.48061644173001,9.43105534646999,10.010994620049,9.27832598882,9.27841698399,6.91922902057001,7.8553183556989,7.70345324028,7.41311789445,6.81183637103,7.76634674782001,7.60729924502,7.09893288043,7.15648808074,7.89817312844,7.50666025555,7.8490506166,3.32507987604,4.39293952471,6.43743461569,2.51440842507,6.93059258911,7.04212544317,10000,2.99689279286,5.24723881755,4.62160699577
9.05538949643,8.04210597512,9.14936325001999,7.85030779797,8.37580889998,9.25013650216,8.29876678169999,8.58121689032,7.68298125277,8.23372964924969,8.53536117662,7.51565749861,6.99113872238,8.28599458213,8.7822236104,7.85523922287999,8.02691904047,8.4899052468,7.86313009926,9.1881325695,4.17136288751,4.63481506557,5.57957035706,3.04447098914,5.85796094201,6.04249341446,2.99689279286,10000,5.30521435517,4.9653193794
9.00133525660001,7.95368744574,9.41742769534,7.4551769402,8.09541939968,9.28586763457,8.74860964934,9.2716012299,8.3482048567,7.9943903556691,5.41523143271,5.8408106117,6.09624086556,5.56953015262,6.89780209893,5.91717184735,6.8821056026,5.7397737954,5.26647716138,5.87794906274,5.38287638925,5.29640757808,6.7450469476,4.50387627104,7.03873587612,5.9493206641,5.24723881755,5.30521435517,10000,3.19673042656
8.57340192898,7.50247926958,8.94695231601,6.91946522699999,7.93248220704,8.675264673038,8.56120586549,8.78625986337999,7.62040934022001,6.87704224426931,5.96670837485,6.50029951968,6.46068340096,6.06100678222,7.21696226124,6.44933620503,7.33365435932,6.55570335292,5.63764720464001,6.60137573922,4.48197939099,4.1724106544,7.06119384098,4.15027574938,7.61313777268,6.34076695304,4.62160699577,4.9653193794,3.19673042656,10000
