10000,11.82140464219,10.307000268,98.3176347246698,15.33210533917,11.698189224099,19.03184902784,7.7106211982,102.71820613155,97.6697742538199,92.16191990592,90.5256615384299,88.0572505501699,82.9108163632799,119.40611976293,97.5045980634999,105.87301183951,84.0453012159299,87.14428061356,92.0442864668199,26.87838274068,36.31995720699,98.17488517063,23.31588242502,109.92366060483,106.92481201775,26.91313431488,39.81371246674,38.9858640542699,21.47344052453
11.82140464219,10000,6.01635834481,93.09320176146,21.78923297018,11.391086712489,25.60907052571,9.84916267561001,100.83995374934,92.34438259997,86.78753243211,85.1592918180399,82.6712374339599,77.44373208853,114.02010664672,92.11445348371,100.4175543409,78.69346604652,81.69924764945,86.6595965446099,24.53431373049,39.92609077578,92.74121196584,23.02391414041,104.53764748862,101.53879890154,23.32398957967,43.5781200555301,35.84566318174,18.39268217252
10.307000268,6.01635834481,10000,94.2522867476699,19.75162928263,9.759129201101,22.87966698244,8.31806361422,102.52588108807,93.4955330327002,87.88091338464,86.26162422397,83.82238786669,78.6384035735,115.17125707945,93.2656039164399,101.58132980911,79.76288147325,82.8503980821801,87.8094237833399,21.96002959102,37.21744479577,93.84542160817,20.31124137214,105.68879792135,102.68994933427,22.03221562468,40.8884161824,35.26179469687,16.57743443801
98.3176347246698,93.09320176146,94.2522867476699,10000,102.23151931504,91.0088055766309,109.18520052817,96.87643291535,11.1069652218,9.09323754136989,19.88077616403,8.92974878630001,12.16319977138,16.63872546417,30.36841318408,8.91403490537001,16.04309631016,16.32186921376,12.02389557163,24.98962827147,103.91461947695,119.69249158024,10.0953103691,101.29033281767,18.4698819626,20.1578946156,100.65769563915,123.53084987087,72.159596169,87.7502801514598
15.33210533917,21.78923297018,19.75162928263,102.23151931504,10000,20.071057984649,8.45390572360999,18.91957813379,108.64450762904,101.16991383811,97.5549516524098,95.9356624917399,93.49642613446,88.25496745853,124.84529534722,102.93964218421,111.2124590746,89.4229523450199,92.52443634995,97.4834620511098,23.19125763379,31.6938502808,103.51945987594,20.49384918191,115.36283618912,112.36398760204,26.97627488305,26.38781550575,36.96383039364,22.07601504818
11.698189224099,11.391086712489,9.759129201101,91.0088055766309,20.071057984649,10000,20.217342091339,9.17826895289902,96.6880106546308,89.6991116997009,86.658678586201,85.052814505131,82.6081398001289,77.421246089019,113.896312992811,91.9906598298011,100.329556392309,78.5580248530108,81.6695412519411,86.5344796967009,24.026930699319,37.300480914409,92.591079077931,22.977619464419,104.413853834711,101.415005247631,23.903562118699,40.7487337540391,37.175837340949,17.882236629429
19.03184902784,25.60907052571,22.87966698244,109.18520052817,8.45390572360999,20.217342091339,10000,17.32867480912,116.50846720357,107.81255894664,104.36027640614,102.75480049967,100.30175088819,95.1033252984,131.65062010095,109.74496693794,118.03894672101,96.2885094248101,99.3513542952801,104.28878680484,23.94959695442,32.55596567913,110.34339213133,21.81486667624,122.16816094285,119.16931235577,28.88399983638,21.2708554243,43.33812155457,28.57864722711
7.7106211982,9.84916267561001,8.31806361422,96.87643291535,18.91957813379,9.17826895289902,17.32867480912,10000,105.28747559235,96.35701856862,92.4288947921198,90.80736300605,88.3007592769701,83.2229982358,119.65165333647,97.80246774812,106.12832194191,84.3258066973299,87.3554494764601,92.3036824228199,20.3769176211,32.64984223539,98.4236563028501,18.46658312942,110.16716933163,107.16832074455,22.92130757576,36.02600225928,39.36660959435,19.96805186151
102.71820613155,100.83995374934,102.52588108807,11.1069652218,108.64450762904,96.6880106546308,116.50846720357,105.28747559235,10000,16.3085568359699,28.86924876723,16.8281069585,19.38954846738,24.29963783161,35.82371203082,17.37732166763,21.89984683164,25.06030125742,20.43043889771,33.84316753333,112.32773911195,128.03863917264,16.0497213103,109.70811329987,23.7734521756,29.6955192826,109.07547612135,131.94863035307,80.5243718274,96.1680606336598
97.6697742538199,92.34438259997,93.4955330327002,9.09323754136989,101.16991383811,89.6991116997009,107.81255894664,96.35701856862,16.3085568359699,10000,13.8374210939999,13.6171305490699,19.2026421731899,15.3690526625799,32.4973713894499,12.1628195917399,21.2360050190099,14.4928221754899,11.7203996621399,18.8431112770399,103.17816796258,118.88906802327,17.0120978036699,100.5585421505,22.2465732415699,20.1633710471699,99.9259049719799,122.7990592037,71.3953244726701,87.0184894842901
92.16191990592,86.78753243211,87.88091338464,19.88077616403,97.5549516524098,86.658678586201,104.36027640614,92.4288947921198,28.86924876723,13.8374210939999,10000,15.63543794467,20.60916772075,16.24422720744,28.85417526273,14.3459816308,23.54718506847,8.59313780385,13.2984938644,5.9929916101,97.5635483145199,113.27444837521,23.18645183053,94.9439225024399,23.75327584255,17.40431157123,94.31128532392,117.18443955564,65.77170160063,81.40386983623
90.5256615384299,85.1592918180399,86.26162422397,8.92974878630001,95.9356624917399,85.052814505131,102.75480049967,90.80736300605,16.8281069585,13.6171305490699,15.63543794467,10000,6.63168302187999,14.63512185311,29.1262215732,7.58831336633,15.82873680794,11.55363301566,10.40513967119,20.01426384803,95.9442591538499,111.68989278314,11.0626377248,93.3383624543699,19.5964111465,16.7261141763,92.6979540982498,115.56515039497,64.1524415012999,79.7845806755599
88.0572505501699,82.6712374339599,83.82238786669,12.16319977138,93.49642613446,82.6081398001289,100.30175088819,88.3007592769701,19.38954846738,19.2026421731899,20.60916772075,6.63168302187999,10000,14.58817327639,31.88008043404,10.55962425745,18.74639099122,15.79197373994,13.00800837415,24.21230273155,93.50502279657,109.22269366026,11.40592494952,90.88539698449,22.36238823378,22.17068048402,90.2527598059699,113.12591403769,61.70165551202,77.3453443182799
82.9108163632799,77.44373208853,78.6384035735,16.63872546417,88.25496745853,77.421246089019,95.1033252984,83.2229982358,24.29963783161,15.3690526625799,16.24422720744,14.63512185311,14.58817327639,10000,43.34913984797,21.70901844298,28.96253291101,11.41158008211,5.76544221952,20.9128752939,88.3511219585,104.10480825527,17.67357966611,85.7734184506201,31.31446092789,31.04106955601,85.14103963212,107.85612882666,56.57811693435,72.1575756485701
119.40611976293,114.02010664672,115.17125707945,30.36841318408,124.84529534722,113.896312992811,131.65062010095,119.65165333647,35.82371203082,32.4973713894499,28.85417526273,29.1262215732,31.88008043404,43.34913984797,10000,22.33765711259,14.90522787914,36.36104911766,38.14768879505,33.50597200061,124.85389200933,140.56479207002,31.2038241884,122.23426619725,16.27139932022,28.16932656742,121.60162901873,144.47478325045,93.0505247247799,108.69421353104
97.5045980634999,92.11445348371,93.2656039164399,8.91403490537001,102.93964218421,91.9906598298011,109.74496693794,97.80246774812,17.37732166763,12.1628195917399,14.3459816308,7.58831336633,10.55962425745,21.70901844298,22.33765711259,10000,11.18195430727,14.90015477939,16.85003574894,18.77556707476,102.94823884632,118.67243777041,13.18469425013,100.32861303424,14.18788504957,13.03266666763,99.69597585572,122.56913008744,71.14487156177,86.78856036803
105.87301183951,100.4175543409,101.58132980911,16.04309631016,111.2124590746,100.329556392309,118.03894672101,106.12832194191,21.89984683164,21.2360050190099,23.54718506847,15.82873680794,18.74639099122,28.96253291101,14.90522787914,11.18195430727,10000,22.7425118074,24.03991923593,29.24807713857,111.22459216411,126.97607649968,17.07901432934,108.63396947851,9.27108440184001,22.52123980264,107.97740609611,130.84194697783,79.44318108844,95.0613772584199
84.0453012159299,78.69346604652,79.76288147325,16.32186921376,89.4229523450199,78.5580248530108,96.2885094248101,84.3258066973299,25.06030125742,14.4928221754899,8.59313780385,11.55363301566,15.79197373994,11.41158008211,36.36104911766,14.90015477939,22.7425118074,10000,9.88080287199001,10.04175972705,89.4568914705299,105.23974769362,18.77035129366,86.83116529485,27.0269387737,24.04463072776,86.1792860165299,109.05244024825,57.70252872798,73.3046119952399
87.14428061356,81.69924764945,82.8503980821801,12.02389557163,92.52443634995,81.6695412519411,99.3513542952801,87.3554494764601,20.43043889771,11.7203996621399,13.2984938644,10.40513967119,13.00800837415,5.76544221952,38.14768879505,16.85003574894,24.03991923593,9.88080287199001,10000,18.3884674667,92.54042485206,108.33448043455,15.15241792847,89.9389286347799,26.06212098669,25.74920294377,89.28077002146,112.15392425318,60.76719954871,76.3733545337699
92.0442864668199,86.6595965446099,87.8094237833399,24.98962827147,97.4834620511098,86.5344796967009,104.28878680484,92.3036824228199,33.84316753333,18.8431112770399,5.9929916101,20.01426384803,24.21230273155,20.9128752939,33.50597200061,18.77556707476,29.24807713857,10.04175972705,18.3884674667,10000,97.4920587132198,113.20295877391,28.21337058183,94.8724329011398,28.72205109873,17.85448304993,94.2397957226199,117.11294995434,65.68869142867,81.3323802349298
26.87838274068,24.53431373049,21.96002959102,103.91461947695,23.19125763379,24.026930699319,23.94959695442,20.3769176211,112.32773911195,103.17816796258,97.5635483145199,95.9442591538499,93.50502279657,88.3511219585,124.85389200933,102.94823884632,111.22459216411,89.4568914705299,92.54042485206,97.4920587132198,10000,21.54498157831,103.52805653805,13.03472503282,115.37143285123,112.37258426415,10.99751982616,25.97478403252,35.42677081415,21.18279837891
36.31995720699,39.92609077578,37.21744479577,119.69249158024,31.6938502808,37.300480914409,32.55596567913,32.64984223539,128.03863917264,118.88906802327,113.27444837521,111.68989278314,109.22269366026,104.10480825527,140.56479207002,118.67243777041,126.97607649968,105.23974769362,108.33448043455,113.20295877391,21.54498157831,10000,116.96894463254,22.58801668991,128.00998058392,124.37548432484,22.06854572825,29.53921809763,51.85232348604,36.3331158455
98.17488517063,92.74121196584,93.84542160817,10.0953103691,103.51945987594,92.591079077931,110.34339213133,98.4236563028501,16.0497213103,17.0120978036699,23.18645183053,11.0626377248,11.40592494952,17.67357966611,31.2038241884,13.18469425013,17.07901432934,18.77035129366,15.15241792847,28.21337058183,103.52805653805,116.96894463254,10000,98.9679550529699,19.0272822619,20.3770059783,96.2797696090899,119.99459643757,71.4167586249001,87.13066898316
23.31588242502,23.02391414041,20.31124137214,101.29033281767,20.49384918191,22.977619464419,21.81486667624,18.46658312942,109.70811329987,100.5585421505,94.9439225024399,93.3383624543699,90.88539698449,85.7734184506201,122.23426619725,100.32861303424,108.63396947851,86.83116529485,89.9389286347799,94.8724329011398,13.03472503282,22.58801668991,98.9679550529699,10000,112.75180703915,105.61481620207,11.33046567692,26.21526713414,31.28341761267,16.40793763181
109.92366060483,104.53764748862,105.68879792135,18.4698819626,115.36283618912,104.413853834711,122.16816094285,110.16716933163,23.7734521756,22.2465732415699,23.75327584255,19.5964111465,22.36238823378,31.31446092789,16.27139932022,14.18788504957,9.27108440184001,27.0269387737,26.06212098669,28.72205109873,115.37143285123,128.00998058392,19.0272822619,112.75180703915,10000,19.23233886612,108.73607975863,134.70402880195,83.5680655666799,99.2117543729398
106.92481201775,101.53879890154,102.68994933427,20.1578946156,112.36398760204,101.415005247631,119.16931235577,107.16832074455,29.6955192826,20.1633710471699,17.40431157123,16.7261141763,22.17068048402,31.04106955601,28.16932656742,13.03266666763,22.52123980264,24.04463072776,25.74920294377,17.85448304993,112.37258426415,124.37548432484,20.3770059783,105.61481620207,19.23233886612,10000,104.36232127355,128.73861859327,77.8447658195999,93.0330245618598
26.91313431488,23.32398957967,22.03221562468,100.65769563915,26.97627488305,23.903562118699,28.88399983638,22.92130757576,109.07547612135,99.9259049719799,94.31128532392,92.6979540982498,90.2527598059699,85.14103963212,121.60162901873,99.69597585572,107.97740609611,86.1792860165299,89.28077002146,94.2397957226199,10.99751982616,22.06854572825,96.2797696090899,11.33046567692,108.73607975863,104.36232127355,10000,27.41066170034,34.39311517379,19.78468529087
39.81371246674,43.5781200555301,40.8884161824,123.53084987087,26.38781550575,40.7487337540391,21.2708554243,36.02600225928,131.94863035307,122.7990592037,117.18443955564,115.56515039497,113.12591403769,107.85612882666,144.47478325045,122.56913008744,130.84194697783,109.05244024825,112.15392425318,117.11294995434,25.97478403252,29.53921809763,119.99459643757,26.21526713414,134.70402880195,128.73861859327,27.41066170034,10000,55.87542079407,41.19129651607
38.9858640542699,35.84566318174,35.26179469687,72.159596169,36.96383039364,37.175837340949,43.33812155457,39.36660959435,80.5243718274,71.3953244726701,65.77170160063,64.1524415012999,61.70165551202,56.57811693435,93.0505247247799,71.14487156177,79.44318108844,57.70252872798,60.76719954871,65.68869142867,35.42677081415,51.85232348604,71.4167586249001,31.28341761267,83.5680655666799,77.8447658195999,34.39311517379,55.87542079407,10000,21.50820782926
21.47344052453,18.39268217252,16.57743443801,87.7502801514598,22.07601504818,17.882236629429,28.57864722711,19.96805186151,96.1680606336598,87.0184894842901,81.40386983623,79.7845806755599,77.3453443182799,72.1575756485701,108.69421353104,86.78856036803,95.0613772584199,73.3046119952399,76.3733545337699,81.3323802349298,21.18279837891,36.3331158455,87.13066898316,16.40793763181,99.2117543729398,93.0330245618598,19.78468529087,41.19129651607,21.50820782926,10000
