10000,3.06513288521399,2.25598148844958,13.3942303344166,4.63745144378112,2.56369327398238,4.33373250371941,1.58032967953212,13.7746219743174,13.0911206487856,12.8122691659793,13.2635511225341,13.034063095109,11.9635588998857,16.5590247912485,13.9948818849501,15.2229745116378,12.2074558866502,12.4716944556037,12.4837368856411,3.82175731684653,4.47055305940583,13.5068432612415,3.79235565213412,15.1910472598203,14.1439757700007,4.29791868936626,5.37605014404995,4.94201099627638,4.04157716392531
3.06513288521399,10000,2.71691756215643,12.8083660456988,5.52828177289676,3.75922002912431,5.35135270567496,2.78452850681718,13.4540478495759,12.4369790126722,11.9231943014087,12.6800144075763,12.6250184096245,11.6543846274089,15.6226694213543,13.0884296000786,14.3991008823452,11.4516982886503,12.1305693507054,11.5972077784497,4.62870789420477,5.29860631705659,13.2376522583503,4.15900160184815,14.5910186163555,13.2558894783231,4.07255750831908,5.93445520405522,4.64458905751932,3.0435436674063
2.25598148844958,2.71691756215643,10000,13.3416648893221,5.01456840880169,3.05051068321353,4.78557841850864,2.49966502922851,13.8450596679548,12.9808025060391,12.4235324506049,13.0780164453081,12.8536272831285,11.6319317021583,16.1907086759895,13.6561286002004,14.9226580067188,11.9266390159984,12.1634052085158,12.1092967080552,3.67654618061488,4.636356711509,13.1930112220363,3.48380381110128,14.9700278132577,13.7912657102699,3.60813642307601,5.64914907557027,4.53218088336077,3.2829547870276
13.3942303344166,12.8083660456988,13.3416648893221,10000,13.4645361774861,13.3337208771655,14.0695352459803,13.6502447875482,2.24063765230291,1.59622667330766,3.15319062857121,2.42803943755421,3.02676074954709,4.25932115849529,4.40456155371747,2.31665500124874,2.81642976329704,2.61030290115504,3.64506817704849,3.56437152860406,14.704197812535,16.5942657567476,5.13413315833976,14.3783478148285,3.71861466984436,3.79461373384188,14.5693620021316,15.6253390166391,10.5083218064616,12.6331026491538
4.63745144378112,5.52828177289676,5.01456840880169,13.4645361774861,10000,3.95434487789319,1.61650363862907,4.66084686619532,13.6454154028234,13.1517837735377,12.9775576826141,13.0886957586468,12.9152405558282,11.6157760217514,16.6355157956009,13.9668620630325,14.9593461287205,12.0416657246092,12.1322979112564,12.9683175112883,4.25943413657122,6.12673140173092,13.0671056418828,5.29058389501441,14.8480714882902,14.1239212234337,5.60951582085138,4.45655231618971,5.30229633042032,5.32733181918031
2.56369327398238,3.75922002912431,3.05051068321353,13.3337208771655,3.95434487789319,10000,3.96194697250034,2.14851462305831,13.605205998394,12.9002561558731,12.5735112799316,13.1823168371586,12.9852212706231,11.6790894110062,16.3554831585007,13.8506314077527,15.0413037496578,12.0503658950452,12.2016486610878,12.284370159045,3.60237122460826,4.96918558449231,13.2004398652304,3.90101013956427,15.0175111531874,13.9644891584712,4.01917515637327,5.95397344252369,4.69023146799728,3.88321303080763
4.33373250371941,5.35135270567496,4.78557841850864,14.0695352459803,1.61650363862907,3.96194697250034,10000,4.31088531739081,14.3891596696705,13.7991166542705,13.6220123571442,13.7442485781221,13.5534265217688,12.2791455211239,17.3041321110049,14.5955978902626,15.6386211463246,12.6899715255424,12.7943469559086,13.5958450499899,4.15118019310418,5.45662054947439,13.7379389014885,4.91182048624672,15.5215424816066,14.7544486766773,5.25521417567063,3.60464636108936,5.70481457131574,5.20977521946427
1.58032967953212,2.78452850681718,2.49966502922851,13.6502447875482,4.66084686619532,2.14851462305831,4.31088531739081,10000,14.1335028944548,13.2588023556346,12.8951150404727,13.4817937407016,13.2439269011864,12.1499180288088,16.6540879377454,14.1056861150975,15.3978578256979,12.3799573768448,12.6727877083722,12.5607711273377,3.62657954869906,4.08810596598249,13.7105159493373,3.36379851021012,15.4293753061828,14.2462235399863,3.66177404380698,5.28754722108793,4.89956812355292,3.54047550524874
13.7746219743174,13.4540478495759,13.8450596679548,2.24063765230291,13.6454154028234,13.605205998394,14.3891596696705,14.1335028944548,10000,2.73839456273913,4.31545053354827,3.36742732177125,3.87725661571443,4.89450021873333,5.17189086608572,3.81874020282461,3.81395670734584,3.83958101484629,4.29980968829723,4.71302938149748,15.1188128682635,17.105421415858,5.48152025758983,14.9202084815095,4.15986462475085,4.75962162898507,15.1779233356415,16.1223853247599,11.0483348469465,13.3174140831301
13.0911206487856,12.4369790126722,12.9808025060391,1.59622667330766,13.1517837735377,12.9002561558731,13.7991166542705,13.2588023556346,2.73839456273913,10000,2.66673702281525,2.85638963507152,3.42529785119347,4.19797280664758,4.26541097493943,2.2921084315455,3.0699437576257,2.61771717438058,3.68723191682002,3.20571237612906,14.3632050956378,16.3260092339266,5.14824522216298,14.0574687743685,4.09922326793454,3.57232995847325,14.1586498772102,15.4334341768777,10.1529525454026,12.2483788418237
12.8122691659793,11.9231943014087,12.4235324506049,3.15319062857121,12.9775576826141,12.5735112799316,13.6220123571442,12.8951150404727,4.31545053354827,2.66673702281525,10000,2.67790199598906,3.2037207048218,3.63054719296882,3.9473780734158,2.13528474804529,3.25130390001386,2.04443853307937,3.18733639495273,1.49456816976872,13.6968069522804,15.6902905689986,4.84956974031019,13.3889902807165,4.15633760327071,3.28141322286216,13.4755371700761,15.1067391123534,9.45522777993289,11.5789862879861
13.2635511225341,12.6800144075763,13.0780164453081,2.42803943755421,13.0886957586468,13.1823168371586,13.7442485781221,13.4817937407016,3.36742732177125,2.85638963507152,2.67790199598906,10000,1.63194126161254,3.12341582780466,4.51187737284518,2.21774620788813,2.56384493248092,1.66684672908686,2.31176657265807,3.13781286419436,14.117256869415,16.1564021734458,4.20313905608756,13.9232717680591,2.93627107663293,3.59617555781268,14.211386330182,15.1911332289985,9.92845884641431,12.3285901213003
13.034063095109,12.6250184096245,12.8536272831285,3.02676074954709,12.9152405558282,12.9852212706231,13.5534265217688,13.2439269011864,3.87725661571443,3.42529785119347,3.2037207048218,1.63194126161254,10000,2.75702894967708,5.08165295841115,2.92376211834986,3.43323489668792,2.39598327240414,2.20679540633251,3.52179476984907,13.9149217428493,15.8947695644299,3.89517801242369,13.6878225567251,3.67571953170079,4.08764299026882,14.0013609669153,14.9581195231298,9.77466800183802,12.1855700867564
11.9635588998857,11.6543846274089,11.6319317021583,4.25932115849529,11.6157760217514,11.6790894110062,12.2791455211239,12.1499180288088,4.89450021873333,4.19797280664758,3.63054719296882,3.12341582780466,2.75702894967708,10000,6.3623610393938,4.17702263197341,4.67285076129422,2.76640601223941,1.42678160625429,3.89922583194317,12.5261694250027,14.7213886000204,3.10985205946408,12.4674394768123,4.68534475117819,4.91324730955291,12.7042094369347,13.9066285360333,8.51271652475999,10.972169674631
16.5590247912485,15.6226694213543,16.1907086759895,4.40456155371747,16.6355157956009,16.3554831585007,17.3041321110049,16.6540879377454,5.17189086608572,4.26541097493943,3.9473780734158,4.51187737284518,5.08165295841115,6.3623610393938,10000,3.10560688901709,2.86329031460226,5.02022878466457,5.71035840489968,4.60119802922257,17.548766331641,19.4755116533245,6.50829833461876,17.1598368679372,4.25462336494294,4.061982074461,17.2259325863306,18.7232096283271,13.240154497959,15.3172810340541
13.9948818849501,13.0884296000786,13.6561286002004,2.31665500124874,13.9668620630325,13.8506314077527,14.5955978902626,14.1056861150975,3.81874020282461,2.2921084315455,2.13528474804529,2.21774620788813,2.92376211834986,4.17702263197341,3.10560688901709,10000,1.84591065101972,2.3142185827115,3.54501732324634,2.80647689338062,14.9957537384567,16.9123450430802,5.00723202265455,14.6223822668377,3.41261861332531,2.86398874812966,14.7301863456718,15.9956366305089,10.698650763337,12.7887388218012
15.2229745116378,14.3991008823452,14.9226580067188,2.81642976329704,14.9593461287205,15.0413037496578,15.6386211463246,15.3978578256979,3.81395670734584,3.0699437576257,3.25130390001386,2.56384493248092,3.43323489668792,4.67285076129422,2.86329031460226,1.84591065101972,10000,3.10078177482635,3.91733060920899,3.9324940434166,16.0654979341166,18.1511636957296,5.07234139463467,15.857345844982,2.66444272049432,3.4227122142993,15.9768442574899,17.1206213956145,11.8145495652734,14.0530098351937
12.2074558866502,11.4516982886503,11.9266390159984,2.61030290115504,12.0416657246092,12.0503658950452,12.6899715255424,12.3799573768448,3.83958101484629,2.61771717438058,2.04443853307937,1.66684672908686,2.39598327240414,2.76640601223941,5.02022878466457,2.3142185827115,3.10078177482635,10000,2.24325754903556,2.52107672725102,13.022322603479,15.0986448331298,4.31595506714496,12.8378204103381,3.74359150692917,3.5635383875165,13.0107683009629,14.1872127892822,8.81408615237885,11.0915912764552
12.4716944556037,12.1305693507054,12.1634052085158,3.64506817704849,12.1322979112564,12.2016486610878,12.7943469559086,12.6727877083722,4.29980968829723,3.68723191682002,3.18733639495273,2.31176657265807,2.20679540633251,1.42678160625429,5.71035840489968,3.54501732324634,3.91733060920899,2.24325754903556,10000,3.55493873273176,13.08421739128,15.2694009212664,3.36636856779761,12.9988423673537,3.92839293644333,4.41452863462735,13.2478577694182,14.419932497783,9.00131903032781,11.4847275642438
12.4837368856411,11.5972077784497,12.1092967080552,3.56437152860406,12.9683175112883,12.284370159045,13.5958450499899,12.5607711273377,4.71302938149748,3.20571237612906,1.49456816976872,3.13781286419436,3.52179476984907,3.89922583194317,4.60119802922257,2.80647689338062,3.9324940434166,2.52107672725102,3.55493873273176,10000,13.4017798686954,15.334176796734,5.16847114589358,13.0568293540927,4.70444812115682,3.773509165805,13.1643513611278,15.035401015246,9.19161449745383,11.2737767295141
3.82175731684653,4.62870789420477,3.67654618061488,14.704197812535,4.25943413657122,3.60237122460826,4.15118019310418,3.62657954869906,15.1188128682635,14.3632050956378,13.6968069522804,14.117256869415,13.9149217428493,12.5261694250027,17.548766331641,14.9957537384567,16.0654979341166,13.022322603479,13.08421739128,13.4017798686954,10000,3.87318687204385,13.9865763051977,3.0942956369912,15.9222097713203,15.0198360956719,3.90428060301478,5.05654206771135,4.78644225115006,3.9660043105445
4.47055305940583,5.29860631705659,4.636356711509,16.5942657567476,6.12673140173092,4.96918558449231,5.45662054947439,4.08810596598249,17.105421415858,16.3260092339266,15.6902905689986,16.1564021734458,15.8947695644299,14.7213886000204,19.4755116533245,16.9123450430802,18.1511636957296,15.0986448331298,15.2694009212664,15.334176796734,3.87318687204385,10000,15.928284426989,3.07445666278636,17.8318795502533,16.6953016463775,3.28398345500932,4.3421593350414,6.80370086750909,5.04556682315346
13.5068432612415,13.2376522583503,13.1930112220363,5.13413315833976,13.0671056418828,13.2004398652304,13.7379389014885,13.7105159493373,5.48152025758983,5.14824522216298,4.84956974031019,4.20313905608756,3.89517801242369,3.10985205946408,6.50829833461876,5.00723202265455,5.07234139463467,4.31595506714496,3.36636856779761,5.16847114589358,13.9865763051977,15.928284426989,10000,13.5754351371736,3.97558544227541,4.32681869100394,13.8621041504738,15.0017751374466,9.70628248587274,12.2189573524933
3.79235565213412,4.15900160184815,3.48380381110128,14.3783478148285,5.29058389501441,3.90101013956427,4.91182048624672,3.36379851021012,14.9202084815095,14.0574687743685,13.3889902807165,13.9232717680591,13.6878225567251,12.4674394768123,17.1598368679372,14.6223822668377,15.857345844982,12.8378204103381,12.9988423673537,13.0568293540927,3.0942956369912,3.07445666278636,13.5754351371736,10000,15.574767696827,14.3199938615233,2.75899061385554,4.46048294447133,4.23517326956261,2.55628053970519
15.1910472598203,14.5910186163555,14.9700278132577,3.71861466984436,14.8480714882902,15.0175111531874,15.5215424816066,15.4293753061828,4.15986462475085,4.09922326793454,4.15633760327071,2.93627107663293,3.67571953170079,4.68534475117819,4.25462336494294,3.41261861332531,2.66444272049432,3.74359150692917,3.92839293644333,4.70444812115682,15.9222097713203,17.8318795502533,3.97558544227541,15.574767696827,10000,3.04274614183461,15.7175807460894,16.8096695944703,11.586327575974,14.0204522325756
14.1439757700007,13.2558894783231,13.7912657102699,3.79461373384188,14.1239212234337,13.9644891584712,14.7544486766773,14.2462235399863,4.75962162898507,3.57232995847325,3.28141322286216,3.59617555781268,4.08764299026882,4.91324730955291,4.061982074461,2.86398874812966,3.4227122142993,3.5635383875165,4.41452863462735,3.773509165805,15.0198360956719,16.6953016463775,4.32681869100394,14.3199938615233,3.04274614183461,10000,14.4012623672439,15.8127292365798,10.4606134382493,12.5913245123969
4.29791868936626,4.07255750831908,3.60813642307601,14.5693620021316,5.60951582085138,4.01917515637327,5.25521417567063,3.66177404380698,15.1779233356415,14.1586498772102,13.4755371700761,14.211386330182,14.0013609669153,12.7042094369347,17.2259325863306,14.7301863456718,15.9768442574899,13.0107683009629,13.2478577694182,13.1643513611278,3.90428060301478,3.28398345500932,13.8621041504738,2.75899061385554,15.7175807460894,14.4012623672439,10000,5.11538018351576,5.07311228089207,3.26972003258127
5.37605014404995,5.93445520405522,5.64914907557027,15.6253390166391,4.45655231618971,5.95397344252369,3.60464636108936,5.28754722108793,16.1223853247599,15.4334341768777,15.1067391123534,15.1911332289985,14.9581195231298,13.9066285360333,18.7232096283271,15.9956366305089,17.1206213956145,14.1872127892822,14.419932497783,15.035401015246,5.05654206771135,4.3421593350414,15.0017751374466,4.46048294447133,16.8096695944703,15.8127292365798,5.11538018351576,10000,6.64531358425711,5.5280108664904
4.94201099627638,4.64458905751932,4.53218088336077,10.5083218064616,5.30229633042032,4.69023146799728,5.70481457131574,4.89956812355292,11.0483348469465,10.1529525454026,9.45522777993289,9.92845884641431,9.77466800183802,8.51271652475999,13.240154497959,10.698650763337,11.8145495652734,8.81408615237885,9.00131903032781,9.19161449745383,4.78644225115006,6.80370086750909,9.70628248587274,4.23517326956261,11.586327575974,10.4606134382493,5.07311228089207,6.64531358425711,10000,3.03860827287219
4.04157716392531,3.0435436674063,3.2829547870276,12.6331026491538,5.32733181918031,3.88321303080763,5.20977521946427,3.54047550524874,13.3174140831301,12.2483788418237,11.5789862879861,12.3285901213003,12.1855700867564,10.972169674631,15.3172810340541,12.7887388218012,14.0530098351937,11.0915912764552,11.4847275642438,11.2737767295141,3.9660043105445,5.04556682315346,12.2189573524933,2.55628053970519,14.0204522325756,12.5913245123969,3.26972003258127,5.5280108664904,3.03860827287219,10000
