10000,1.01797579812676,1.06997222474217,1.18390857730269,1.31776060419889,1.17281732363656,1.25606144012666,0.768603990634612,1.26761793136559,1.26369119293501,1.16700181841256,1.19227424066652,1.19759920476868,1.11426999692365,1.37642877420364,1.32334395709345,1.48483761706531,1.19857025529988,1.14526441222345,1.10082018133958,1.16775446487061,0.995560570595292,1.48938310483259,1.12518236332308,1.56335370530309,1.42229235051013,1.34995529247074,1.18541918761158,1.06994862252259,1.18321642156345
1.01797579812676,10000,1.10456189921863,1.13887119995089,1.32929972733097,1.26917791936864,1.35054909843017,1.15953321231612,1.21466422416021,1.26338303131723,1.00987797210022,1.1375357851324,1.25129010695121,1.09775610063213,1.24102189447832,1.07155857771149,1.19160205993793,1.01125414672193,1.31748229359547,0.991459317327668,1.27250199129255,1.32617203781581,1.49073085735876,1.2590174383368,1.42872326606071,1.24318103745929,1.3064869198754,1.20295753742809,1.08930857406057,1.08865737068139
1.06997222474217,1.10456189921863,10000,1.52562934360971,1.46597635411912,1.33360474825442,1.42260244446395,1.28499623021534,1.6334416597844,1.64645514066492,1.27656017069326,1.41242873919795,1.3110468602634,1.16959920133374,1.52080541570641,1.32904230569919,1.57206086679825,1.377641173554,1.18101796774516,1.23480865320045,1.32738511840302,1.24323667321265,1.4519423269129,1.11032144026482,1.74036773023934,1.49761744573074,1.15711517350202,1.32821943292911,1.19829248238226,1.09270815800143
1.18390857730269,1.13887119995089,1.52562934360971,10000,1.30522654299114,1.42593830815552,1.29506174532397,1.26664647714372,0.981169284927376,0.878009056762888,0.994237945750539,0.968797569605811,0.947993741653585,1.03582723833667,1.15184185904948,0.880812779529983,0.94007146949038,0.794456605797272,1.04327491213353,0.947762424456774,1.49812553990219,1.53052284753985,1.35968325242396,1.50588787186725,1.24861075013293,1.18243879882354,1.53951705318066,1.35985602864402,1.23118961778776,1.26874429066499
1.31776060419889,1.32929972733097,1.46597635411912,1.30522654299114,10000,1.03302653164168,0.752765598437017,1.26354794242547,1.18375118332838,1.28647791316457,1.07298254094834,1.14398612881829,1.18594191444908,1.06710122298043,1.32416395986814,1.17765764327818,1.22792948256873,1.05104493976468,1.06221139767914,1.12380003399151,1.10833740429265,1.42607311123766,1.37348390482801,1.35568304835702,1.38568795983391,1.31976601571909,1.35043866591931,1.17598320809841,1.02622745233922,1.21018814518651
1.17281732363656,1.26917791936864,1.33360474825442,1.42593830815552,1.03302653164168,10000,0.89612587630889,0.91744693586975,1.39060450518958,1.30398929554805,1.19817178818984,1.36526180417627,1.38293753237865,1.1277227387449,1.52701399939221,1.40403702959883,1.52399013236988,1.32870049676582,1.13625721398337,1.23055710315113,1.20569301689302,1.29890100325306,1.41757170018566,1.14565881707179,1.57185879570352,1.50529728203889,1.18480656272574,1.38564685829336,1.11875731081333,1.18251538983754
1.25606144012666,1.35054909843017,1.42260244446395,1.29506174532397,0.752765598437017,0.89612587630889,10000,1.20322549042853,1.42258142189018,1.35377705744366,1.17743117672327,1.30360521735424,1.34924709839912,1.10195088977491,1.50171350560156,1.33767862477578,1.36235220380826,1.15802007548595,1.09186713194221,1.26726620138733,1.21778618726174,1.38756893985686,1.38404654250803,1.2779235613826,1.45109731790275,1.45039060550959,1.21163243903964,1.14726557219862,1.13340828763315,1.16710292667164
0.768603990634612,1.15953321231612,1.28499623021534,1.26664647714372,1.26354794242547,0.91744693586975,1.20322549042853,10000,1.44192891436315,1.04405156745209,1.18487126844644,1.26061918915473,1.21149629210792,1.12624897854728,1.39092636015426,1.25986374604459,1.52211377876221,1.30533920369735,1.16366769587164,1.13455896463232,1.3034307905401,1.14333861646517,1.51924980114363,1.13414698453439,1.66276247180098,1.40309550999719,1.2834905830451,1.21159184230883,1.14051874422611,1.1561882930297
1.26761793136559,1.21466422416021,1.6334416597844,0.981169284927376,1.18375118332838,1.39060450518958,1.42258142189018,1.44192891436315,10000,1.12218320905783,1.03251778583101,0.82169531117858,1.06405620828097,1.16371308797137,1.10291650929532,1.05206749891053,1.0649906076968,0.926590724187996,1.1620753936941,0.994101843027459,1.4488152095355,1.61312903514883,1.43135619679265,1.60015650801462,1.15743861468184,1.21327560056553,1.80622365720735,1.46848268093964,1.25156598044956,1.51917977303199
1.26369119293501,1.26338303131723,1.64645514066492,0.878009056762888,1.28647791316457,1.30398929554805,1.35377705744366,1.04405156745209,1.12218320905783,10000,0.980192745597792,0.994195823628301,1.06766632134181,1.12482361285452,1.06788394180893,0.84417219535079,0.995881750805185,0.944546403254082,1.12578885090511,0.957884898173101,1.55762465813572,1.70562085590397,1.42005255554085,1.59030459803101,1.35035907802257,1.05633778962101,1.59548552985511,1.46124967901655,1.28093779159527,1.37875359957463
1.16700181841256,1.00987797210022,1.27656017069326,0.994237945750539,1.07298254094834,1.19817178818984,1.17743117672327,1.18487126844644,1.03251778583101,0.980192745597792,10000,0.723931605024803,0.797269923827532,0.796638423147399,0.716629272434299,0.772717885756916,0.753343055378874,0.574751778721122,0.799420326395165,0.607986205926241,1.13822426889475,1.38492072941611,1.16609680755922,1.30610089061043,1.04735325626002,0.922675767396843,1.34122613457154,1.23275921452367,0.912838176802317,1.15117874788408
1.19227424066652,1.1375357851324,1.41242873919795,0.968797569605811,1.14398612881829,1.36526180417627,1.30360521735424,1.26061918915473,0.82169531117858,0.994195823628301,0.723931605024803,10000,0.752171853888557,0.88880387320302,0.866615745711848,0.743198820191389,0.842190650835769,0.646386155618668,0.850639678611405,0.625192107509588,1.22912270673003,1.41387396442858,1.23561590529653,1.35531687380134,0.951719062012812,0.940595791423069,1.57822755151612,1.27665052620247,0.984823162764643,1.32807434691706
1.19759920476868,1.25129010695121,1.3110468602634,0.947993741653585,1.18594191444908,1.38293753237865,1.34924709839912,1.21149629210792,1.06405620828097,1.06766632134181,0.797269923827532,0.752171853888557,10000,0.857473396314304,0.906370326699878,0.726683014574348,0.957432251063522,0.798110310640741,0.704811144870223,0.703212208306824,1.2942369810601,1.37459952449887,1.2441144435784,1.32076200102368,1.2163138927639,1.01436298630852,1.44468691696491,1.25380124526128,1.03450455781762,1.2062977281221
1.11426999692365,1.09775610063213,1.16959920133374,1.03582723833667,1.06710122298043,1.1277227387449,1.10195088977491,1.12624897854728,1.16371308797137,1.12482361285452,0.796638423147399,0.88880387320302,0.857473396314304,10000,1.07675174779149,0.900168560881289,0.99544200102734,0.780581764308891,0.613797910454213,0.769490518242309,1.10520992264417,1.25204450545174,1.00881200760493,1.14749579579225,1.18987323293721,1.08774189464058,1.20612595840849,1.18345467874946,0.903370038997289,1.02494077774181
1.37642877420364,1.24102189447832,1.52080541570641,1.15184185904948,1.32416395986814,1.52701399939221,1.50171350560156,1.39092636015426,1.10291650929532,1.06788394180893,0.716629272434299,0.866615745711848,0.906370326699878,1.07675174779149,10000,0.859613865134902,0.946160506795929,0.881946103105782,1.08057118781475,0.81622862529787,1.45603275485945,1.59118376971193,1.37327702656372,1.5550788654973,1.25762778544317,0.91484537271702,1.63546738685613,1.4288992513741,1.19782404040568,1.40578968821017
1.32334395709345,1.07155857771149,1.32904230569919,0.880812779529983,1.17765764327818,1.40403702959883,1.33767862477578,1.25986374604459,1.05206749891053,0.84417219535079,0.772717885756916,0.743198820191389,0.726683014574348,0.900168560881289,0.859613865134902,10000,0.796031038248711,0.732780222985224,0.916198772936989,0.692876690944198,1.47782608438697,1.54683152486433,1.24120756583537,1.39176154916208,1.19997314007765,0.795453424386598,1.4231356472918,1.25298139818953,1.10450498323337,1.1715703952068
1.48483761706531,1.19160205993793,1.57206086679825,0.94007146949038,1.22792948256873,1.52399013236988,1.36235220380826,1.52211377876221,1.0649906076968,0.995881750805185,0.753343055378874,0.842190650835769,0.957432251063522,0.99544200102734,0.946160506795929,0.796031038248711,10000,0.493127925422348,0.988764573939376,0.808653492866121,1.39348244085512,1.760389419709,1.30026487064057,1.67928907244879,1.0815839390525,1.00740730316427,1.57792294712579,1.40538579661927,1.19033083612566,1.36217570578008
1.19857025529988,1.01125414672193,1.377641173554,0.794456605797272,1.05104493976468,1.32870049676582,1.15802007548595,1.30533920369735,0.926590724187996,0.944546403254082,0.574751778721122,0.646386155618668,0.798110310640741,0.780581764308891,0.881946103105782,0.732780222985224,0.493127925422348,10000,0.782971924268513,0.589568632181897,1.14228475970746,1.43568871766134,1.14924254002144,1.39458718917976,0.944890540561912,0.90432652007168,1.40277809039948,1.21604283679402,0.933485794136216,1.14888002479932
1.14526441222345,1.31748229359547,1.18101796774516,1.04327491213353,1.06221139767914,1.13625721398337,1.09186713194221,1.16366769587164,1.1620753936941,1.12578885090511,0.799420326395165,0.850639678611405,0.704811144870223,0.613797910454213,1.08057118781475,0.916198772936989,0.988764573939376,0.782971924268513,10000,0.780229309229465,1.11060308095865,1.27018805864405,1.03678336058516,1.17507757112792,1.16591599064944,1.11171003730287,1.22584494097377,1.22612238613553,0.906353976493141,1.08386220753996
1.10082018133958,0.991459317327668,1.23480865320045,0.947762424456774,1.12380003399151,1.23055710315113,1.26726620138733,1.13455896463232,0.994101843027459,0.957884898173101,0.607986205926241,0.625192107509588,0.703212208306824,0.769490518242309,0.81622862529787,0.692876690944198,0.808653492866121,0.589568632181897,0.780229309229465,10000,1.12386413862474,1.30877345925241,1.16691491549698,1.23114836998196,1.09666089684689,0.897726521159442,1.33353809189055,1.25921781434281,0.86774160308562,1.07881863150959
1.16775446487061,1.27250199129255,1.32738511840302,1.49812553990219,1.10833740429265,1.20569301689302,1.21778618726174,1.3034307905401,1.4488152095355,1.55762465813572,1.13822426889475,1.22912270673003,1.2942369810601,1.10520992264417,1.45603275485945,1.47782608438697,1.39348244085512,1.14228475970746,1.11060308095865,1.12386413862474,10000,1.3008958892805,1.51986864172737,1.24390306390295,1.4963320029305,1.59548785165553,1.40101181205153,1.48293381191067,0.959396794272257,1.16032568328888
0.995560570595292,1.32617203781581,1.24323667321265,1.53052284753985,1.42607311123766,1.29890100325306,1.38756893985686,1.14333861646517,1.61312903514883,1.70562085590397,1.38492072941611,1.41387396442858,1.37459952449887,1.25204450545174,1.59118376971193,1.54683152486433,1.760389419709,1.43568871766134,1.27018805864405,1.30877345925241,1.3008958892805,10000,1.3910522654316,0.97247186791679,1.58365718297373,1.47822694803815,1.11281663202743,1.07358994116378,1.15069936430467,1.20333501586969
1.48938310483259,1.49073085735876,1.4519423269129,1.35968325242396,1.37348390482801,1.41757170018566,1.38404654250803,1.51924980114363,1.43135619679265,1.42005255554085,1.16609680755922,1.23561590529653,1.2441144435784,1.00881200760493,1.37327702656372,1.24120756583537,1.30026487064057,1.14924254002144,1.03678336058516,1.16691491549698,1.51986864172737,1.3910522654316,10000,1.2220704976028,1.20785979587416,1.16353719561309,1.3836626601372,1.19594210630223,1.09953581187747,1.25385740807206
1.12518236332308,1.2590174383368,1.11032144026482,1.50588787186725,1.35568304835702,1.14565881707179,1.2779235613826,1.13414698453439,1.60015650801462,1.59030459803101,1.30610089061043,1.35531687380134,1.32076200102368,1.14749579579225,1.5550788654973,1.39176154916208,1.67928907244879,1.39458718917976,1.17507757112792,1.23114836998196,1.24390306390295,0.97247186791679,1.2220704976028,10000,1.59290268718076,1.37956311657463,1.20961869082311,1.08431246956182,0.738166999230094,0.789524793991674
1.56335370530309,1.42872326606071,1.74036773023934,1.24861075013293,1.38568795983391,1.57185879570352,1.45109731790275,1.66276247180098,1.15743861468184,1.35035907802257,1.04735325626002,0.951719062012812,1.2163138927639,1.18987323293721,1.25762778544317,1.19997314007765,1.0815839390525,0.944890540561912,1.16591599064944,1.09666089684689,1.4963320029305,1.58365718297373,1.20785979587416,1.59290268718076,10000,1.12250688704221,1.56520221099095,1.44389035243446,1.27754139810782,1.57882428205173
1.42229235051013,1.24318103745929,1.49761744573074,1.18243879882354,1.31976601571909,1.50529728203889,1.45039060550959,1.40309550999719,1.21327560056553,1.05633778962101,0.922675767396843,0.940595791423069,1.01436298630852,1.08774189464058,0.91484537271702,0.795453424386598,1.00740730316427,0.90432652007168,1.11171003730287,0.897726521159442,1.59548785165553,1.47822694803815,1.16353719561309,1.37956311657463,1.12250688704221,10000,1.43530270389665,1.20444310391689,1.08153479584742,1.3017968201598
1.34995529247074,1.3064869198754,1.15711517350202,1.53951705318066,1.35043866591931,1.18480656272574,1.21163243903964,1.2834905830451,1.80622365720735,1.59548552985511,1.34122613457154,1.57822755151612,1.44468691696491,1.20612595840849,1.63546738685613,1.4231356472918,1.57792294712579,1.40277809039948,1.22584494097377,1.33353809189055,1.40101181205153,1.11281663202743,1.3836626601372,1.20961869082311,1.56520221099095,1.43530270389665,10000,1.29069014343223,1.25970612063917,1.12152828600017
1.18541918761158,1.20295753742809,1.32821943292911,1.35985602864402,1.17598320809841,1.38564685829336,1.14726557219862,1.21159184230883,1.46848268093964,1.46124967901655,1.23275921452367,1.27665052620247,1.25380124526128,1.18345467874946,1.4288992513741,1.25298139818953,1.40538579661927,1.21604283679402,1.22612238613553,1.25921781434281,1.48293381191067,1.07358994116378,1.19594210630223,1.08431246956182,1.44389035243446,1.20444310391689,1.29069014343223,10000,1.0874387765421,1.13691221293034
1.06994862252259,1.08930857406057,1.19829248238226,1.23118961778776,1.02622745233922,1.11875731081333,1.13340828763315,1.14051874422611,1.25156598044956,1.28093779159527,0.912838176802317,0.984823162764643,1.03450455781762,0.903370038997289,1.19782404040568,1.10450498323337,1.19033083612566,0.933485794136216,0.906353976493141,0.86774160308562,0.959396794272257,1.15069936430467,1.09953581187747,0.738166999230094,1.27754139810782,1.08153479584742,1.25970612063917,1.0874387765421,10000,0.752515666571862
1.18321642156345,1.08865737068139,1.09270815800143,1.26874429066499,1.21018814518651,1.18251538983754,1.16710292667164,1.1561882930297,1.51917977303199,1.37875359957463,1.15117874788408,1.32807434691706,1.2062977281221,1.02494077774181,1.40578968821017,1.1715703952068,1.36217570578008,1.14888002479932,1.08386220753996,1.07881863150959,1.16032568328888,1.20333501586969,1.25385740807206,0.789524793991674,1.57882428205173,1.3017968201598,1.12152828600017,1.13691221293034,0.752515666571862,10000
