10000,7.72943979217499,9.70442856930999,60.2377536564149,7.29275464601999,9.27096239297073,10.673047236145,10.7035105578875,70.5122130436125,62.6413670182723,59.0929489697101,56.3006631817349,57.826895849175,58.6909506126125,71.36493355458,55.757083942205,66.11321065364,56.858218692315,59.9748745203375,57.549661255405,27.726759657285,52.3400891769599,64.97932875004,25.305703718345,69.2649595797774,65.2968579338349,32.180307453895,36.9941203110975,37.35467084939,24.94466876829
7.72943979217499,10000,4.41667354433999,72.2725484055699,7.11544036400248,10.264918643005,11.42341163384,10.5198124812075,77.7138899003949,66.7934671688949,58.233061754535,64.26765960378,64.14492990082,57.6183682380275,86.14008154951,66.7814971980501,77.7164038361951,54.14152852861,59.83411106765,56.4978739194375,20.897507782715,47.21737844508,73.9414685243101,18.909368262485,80.33327396446,75.7241607996051,24.66408008187,32.2693837463125,33.82656607638,17.676150909025
9.70442856930999,4.41667354433999,10000,66.6825696887949,6.50518192624749,9.61343614033375,8.88115050247001,8.64263446720749,72.8938750558949,60.4083359355848,51.069733739515,58.02469496242,59.425716468965,52.295496766495,79.1996527139899,59.7411615498175,72.1637485270099,48.8190313491325,54.36185866207,48.5162512104274,21.352833844815,48.478070548445,69.594328876695,22.780637866115,75.5531454367199,68.14568277157,27.92804741598,32.9076015854175,40.7118942389199,18.906931683275
60.2377536564149,72.2725484055699,66.6825696887949,10000,72.9318307633125,57.9435276126015,78.4049853496474,73.9721247443625,14.206073421775,11.4692871028549,21.7111140624625,11.52873426415,10.389808090685,19.834705659545,26.84630378161,9.96476007978,18.986781685105,24.6715766314749,17.733457321575,27.0839024909125,83.842246309175,91.9142175853598,19.1468128532,62.6323203664575,28.43722321251,18.843163767575,60.4723558033825,89.0592005748276,43.039514053175,58.81830088299
7.29275464601999,7.11544036400248,6.50518192624749,72.9318307633125,10000,10.8121259451232,8.97199852041497,11.6640889105875,78.8401516320299,67.0366335739873,58.5301326560225,66.7858376069175,69.4929835765625,60.37502185705,84.068831765755,68.4164958750574,77.9256588901951,59.8640878080825,60.6824466853,63.0512329291726,26.3021174971075,51.8327384177074,75.7090512580175,25.116167689625,82.1248496781799,75.8228945614126,30.59505766779,35.40005130174,44.0093303981225,21.1716317651525
9.27096239297073,10.264918643005,9.61343614033375,57.9435276126015,10.8121259451232,10000,8.99148175421499,5.574331935039,61.1895466577607,60.3388570083791,62.515858009449,52.5956019110082,49.1637999159708,58.7763053055248,65.8233119387056,49.3591663884283,57.7583256897754,59.2943869469307,59.0844896061407,60.9244189262707,23.8458202283079,49.826508958573,60.8856958907707,25.913357426203,62.2377384266007,62.2104535446515,34.2025307936882,32.2077787121267,36.823705932733,23.3039588803437
10.673047236145,11.42341163384,8.88115050247001,78.4049853496474,8.97199852041497,8.99148175421499,10000,6.99490869901499,85.928434425265,74.8208223127299,66.2423471261325,70.470309888215,72.957777649935,65.9613278151524,91.462841138785,75.1711341992399,81.3881554488425,67.9109905817275,66.0084027641499,69.1217267755474,18.9831269210775,48.4874705253175,80.7050090172775,22.99301583914,89.3574208999099,81.24728869197,29.9877201801375,28.5558742381725,40.90300152442,25.6431918343275
10.7035105578875,10.5198124812075,8.64263446720749,73.9721247443625,11.6640889105875,5.574331935039,6.99490869901499,10000,80.640375095075,67.9365006244024,59.150481086225,65.8637228986624,66.2277373015901,59.532823839465,87.3336218752623,67.1595107404174,80.5121640452425,56.2461579158076,62.15802686317,56.3959501708325,18.1567337654875,46.1100995747824,77.1897368727375,21.2989853009025,82.4235336406673,76.7423983250749,29.382909918305,26.646088738565,36.5765872379375,20.6760610882975
70.5122130436125,77.7138899003949,72.8938750558949,14.206073421775,78.8401516320299,61.1895466577607,85.928434425265,80.640375095075,10000,18.9817303400149,26.20409363683,20.4717271863,18.213218097505,26.5076964849575,31.1016976500875,18.3833857452549,21.98239483259,26.874447637635,25.1615659001475,29.3884596507125,91.1317651549,99.6402743436151,7.17988974405,73.6820663026799,24.59784350285,11.225018553775,71.4701509189774,99.93149863242,49.7057432559999,66.66624653641
62.6413670182723,66.7934671688949,60.4083359355848,11.4692871028549,67.0366335739873,60.3388570083791,74.8208223127299,67.9365006244024,18.9817303400149,10000,16.3386586666849,14.5244391573549,18.8054753067099,17.0129881475824,34.2106481415424,17.6216997345249,30.5341018260549,17.3013079101774,14.6357837938349,19.6955875709573,79.1289764077536,86.6266631251462,24.5143227208949,65.1441065558761,31.9599678976849,17.5215128182449,66.0638371588639,85.7440313672892,37.1960828647909,54.5040963540857
59.0929489697101,58.233061754535,51.069733739515,21.7111140624625,58.5301326560225,62.515858009449,66.2423471261325,59.150481086225,26.20409363683,16.3386586666849,10000,14.360432420015,22.3058635426624,5.31786966271998,37.8469902134249,17.407822306405,35.1061051238249,4.47451389892999,6.1846532719325,7.4174939325425,71.1514163003076,75.884832673845,26.9149772136875,61.3649733020624,38.86135774244,21.40197457522,59.5791795900675,86.8624443302549,27.8972013807875,43.5016464743875
56.3006631817349,64.26765960378,58.02469496242,11.52873426415,66.7858376069175,52.5956019110082,70.470309888215,65.8637228986624,20.4717271863,14.5244391573549,14.360432420015,10000,4.76054291929,14.1041213235075,24.051109028665,7.19305363825499,15.86563455244,14.1534752131,13.5719158151925,13.626416721905,75.36192546735,84.2477666945849,15.077803410375,59.2878537999025,27.805790967165,10.933822485825,58.5972323237075,81.9027998858425,36.5269785668999,51.239579038485
57.826895849175,64.14492990082,59.425716468965,10.389808090685,69.4929835765625,49.1637999159708,72.957777649935,66.2277373015901,18.213218097505,18.8054753067099,22.3058635426624,4.76054291929,10000,17.928251152275,23.184681178725,3.406046936075,11.57123400058,22.872156845375,17.91408244591,23.0686272072775,74.2816947327049,86.8976296345898,14.674072680475,60.91523709327,21.81593943994,14.527677379525,58.2862056456925,81.97622800505,39.44071860471,54.264324350915
58.6909506126125,57.6183682380275,52.295496766495,19.834705659545,60.37502185705,58.7763053055248,65.9613278151524,59.532823839465,26.5076964849575,17.0129881475824,5.31786966271998,14.1041213235075,17.928251152275,10000,37.22963741066,17.45571566164,30.031539887875,8.1505206026975,3.9924268424675,8.04187488695749,69.0763192327976,78.4882534994749,25.7456561550025,61.14696185329,35.2040598321599,22.24555328077,59.1790667389525,82.76901155482,29.65127726086,46.027141800385
71.36493355458,86.14008154951,79.1996527139899,26.84630378161,84.068831765755,65.8233119387056,91.462841138785,87.3336218752623,31.1016976500875,34.2106481415424,37.8469902134249,24.051109028665,23.184681178725,37.22963741066,10000,20.47463827727,18.66863885667,36.87947548649,35.6807830634275,40.0242673892875,99.0055985626448,104.908802884595,27.33513065938,74.7124596774075,21.800855365635,31.66456477707,72.23879930915,103.185072275225,55.3637891328475,72.367113583355
55.757083942205,66.7814971980501,59.7411615498175,9.96476007978,68.4164958750574,49.3591663884283,75.1711341992399,67.1595107404174,18.3833857452549,17.6216997345249,17.407822306405,7.19305363825499,3.406046936075,17.45571566164,20.47463827727,10000,14.355351003745,16.6855395169275,19.151476195915,16.725617534715,79.04061373149,86.8270837399701,15.68599108729,58.609192781315,21.6316464970025,15.43336429463,56.085964088455,84.5306359034473,38.606004471235,54.82510291979
66.11321065364,77.7164038361951,72.1637485270099,18.986781685105,77.9256588901951,57.7583256897754,81.3881554488425,80.5121640452425,21.98239483259,30.5341018260549,35.1061051238249,15.86563455244,11.57123400058,30.031539887875,18.66863885667,14.355351003745,10000,37.1571818362425,27.54418918596,40.9661327870225,89.4602876545825,98.2491933050951,16.987046558745,68.9082264791225,11.330027531015,26.065050206515,66.1651629684774,92.4457650817974,48.64122003018,64.9989144656151
56.858218692315,54.14152852861,48.8190313491325,24.6715766314749,59.8640878080825,59.2943869469307,67.9109905817275,56.2461579158076,26.874447637635,17.3013079101774,4.47451389892999,14.1534752131,22.872156845375,8.1505206026975,36.87947548649,16.6855395169275,37.1571818362425,10000,8.68412064249498,3.59166948992249,67.1392526420701,73.7745837175499,29.472971284465,59.317881597935,36.692819949835,22.64896203283,57.4745720652424,88.4346886405999,26.3835884020425,41.39385613456
59.9748745203375,59.83411106765,54.36185866207,17.733457321575,60.6824466853,59.0844896061407,66.0084027641499,62.15802686317,25.1615659001475,14.6357837938349,6.1846532719325,13.5719158151925,17.91408244591,3.9924268424675,35.6807830634275,19.151476195915,27.54418918596,8.68412064249498,10000,10.4194303125375,71.8479080538024,79.8879149160551,23.610371196535,62.5507008433299,36.36315701362,19.56170599854,60.5995699172425,84.3475990910875,30.547898418885,46.855073444755
57.549661255405,56.4978739194375,48.5162512104274,27.0839024909125,63.0512329291726,60.9244189262707,69.1217267755474,56.3959501708325,29.3884596507125,19.6955875709573,7.4174939325425,13.626416721905,23.0686272072775,8.04187488695749,40.0242673892875,16.725617534715,40.9661327870225,3.59166948992249,10.4194303125375,10000,67.1785842644075,74.757796443065,33.119741256065,59.7841019129025,39.0224574147325,22.7208585010375,57.3420393046549,87.6363410085799,28.727766475705,42.1887808125875
27.726759657285,20.897507782715,21.352833844815,83.842246309175,26.3021174971075,23.8458202283079,18.9831269210775,18.1567337654875,91.1317651549,79.1289764077536,71.1514163003076,75.36192546735,74.2816947327049,69.0763192327976,99.0055985626448,79.04061373149,89.4602876545825,67.1392526420701,71.8479080538024,67.1785842644075,10000,24.76651627723,86.3873545957749,14.69993546171,92.519019439105,86.9477928632875,11.7513446819225,9.04582247906999,46.9134693328375,20.7613221320075
52.3400891769599,47.21737844508,48.478070548445,91.9142175853598,51.8327384177074,49.826508958573,48.4874705253175,46.1100995747824,99.6402743436151,86.6266631251462,75.884832673845,84.2477666945849,86.8976296345898,78.4882534994749,104.908802884595,86.8270837399701,98.2491933050951,73.7745837175499,79.8879149160551,74.757796443065,24.76651627723,10000,94.3029084433549,36.12223153575,101.9082639183,93.3151836115548,26.18322236171,30.2970642165025,49.789400614475,37.6233092509
64.97932875004,73.9414685243101,69.594328876695,19.1468128532,75.7090512580175,60.8856958907707,80.7050090172775,77.1897368727375,7.17988974405,24.5143227208949,26.9149772136875,15.077803410375,14.674072680475,25.7456561550025,27.33513065938,15.68599108729,16.987046558745,29.472971284465,23.610371196535,33.119741256065,86.3873545957749,94.3029084433549,10000,67.7828508086175,17.54401583936,11.970831580375,65.9743019219975,92.5672132349974,46.1394966646,61.4858245430149
25.305703718345,18.909368262485,22.780637866115,62.6323203664575,25.116167689625,25.913357426203,22.99301583914,21.2989853009025,73.6820663026799,65.1441065558761,61.3649733020624,59.2878537999025,60.91523709327,61.14696185329,74.7124596774075,58.609192781315,68.9082264791225,59.317881597935,62.5507008433299,59.7841019129025,14.69993546171,36.12223153575,67.7828508086175,10000,72.1824070793149,67.53951073539,10.734846183905,18.121689056285,41.156101421415,17.5019637275125
69.2649595797774,80.33327396446,75.5531454367199,28.43722321251,82.1248496781799,62.2377384266007,89.3574208999099,82.4235336406673,24.59784350285,31.9599678976849,38.86135774244,27.805790967165,21.81593943994,35.2040598321599,21.800855365635,21.6316464970025,11.330027531015,36.692819949835,36.36315701362,39.0224574147325,92.519019439105,101.9082639183,17.54401583936,72.1824070793149,10000,26.424545446145,69.8343012234325,99.5777476391775,52.50042438913,69.6142798256599
65.2968579338349,75.7241607996051,68.14568277157,18.843163767575,75.8228945614126,62.2104535446515,81.24728869197,76.7423983250749,11.225018553775,17.5215128182449,21.40197457522,10.933822485825,14.527677379525,22.24555328077,31.66456477707,15.43336429463,26.065050206515,22.64896203283,19.56170599854,22.7208585010375,86.9477928632875,93.3151836115548,11.970831580375,67.53951073539,26.424545446145,10000,66.71972582064,91.7968799162199,45.6950458888001,60.16948027121
32.180307453895,24.66408008187,27.92804741598,60.4723558033825,30.59505766779,34.2025307936882,29.9877201801375,29.382909918305,71.4701509189774,66.0638371588639,59.5791795900675,58.5972323237075,58.2862056456925,59.1790667389525,72.23879930915,56.085964088455,66.1651629684774,57.4745720652424,60.5995699172425,57.3420393046549,11.7513446819225,26.18322236171,65.9743019219975,10.734846183905,69.8343012234325,66.71972582064,10000,10.3575923972325,34.1740501735974,18.8498889175675
36.9941203110975,32.2693837463125,32.9076015854175,89.0592005748276,35.40005130174,32.2077787121267,28.5558742381725,26.646088738565,99.93149863242,85.7440313672892,86.8624443302549,81.9027998858425,81.97622800505,82.76901155482,103.185072275225,84.5306359034473,92.4457650817974,88.4346886405999,84.3475990910875,87.6363410085799,9.04582247906999,30.2970642165025,92.5672132349974,18.121689056285,99.5777476391775,91.7968799162199,10.3575923972325,10000,51.5801336764275,28.5359753576425
37.35467084939,33.82656607638,40.7118942389199,43.039514053175,44.0093303981225,36.823705932733,40.90300152442,36.5765872379375,49.7057432559999,37.1960828647909,27.8972013807875,36.5269785668999,39.44071860471,29.65127726086,55.3637891328475,38.606004471235,48.64122003018,26.3835884020425,30.547898418885,28.727766475705,46.9134693328375,49.789400614475,46.1394966646,41.156101421415,52.50042438913,45.6950458888001,34.1740501735974,51.5801336764275,10000,28.655144917465
24.94466876829,17.676150909025,18.906931683275,58.81830088299,21.1716317651525,23.3039588803437,25.6431918343275,20.6760610882975,66.66624653641,54.5040963540857,43.5016464743875,51.239579038485,54.264324350915,46.027141800385,72.367113583355,54.82510291979,64.9989144656151,41.39385613456,46.855073444755,42.1887808125875,20.7613221320075,37.6233092509,61.4858245430149,17.5019637275125,69.6142798256599,60.16948027121,18.8498889175675,28.5359753576425,28.655144917465,10000
