10000,11.6895096122325,14.99709217422,69.4298320829676,15.9303357591362,14.0827957156486,20.3621386749737,11.4505231120237,71.6522663693601,66.8576402004498,60.4062491355674,64.3496750396375,66.5391231035323,61.6319393375749,83.960814876725,69.5828879224049,76.8123438324649,62.1289430529613,61.52755793096,67.2141854235049,38.31266069151,57.3997371563674,78.3295269027525,27.1727786462138,77.6201843255277,76.0744197047249,30.5898822516525,32.2885724646075,48.9019392952425,27.0666861002775
11.6895096122325,10000,11.8091937044475,82.7641674537074,8.48449985082251,14.6440990459098,15.0078230179313,13.7721113614812,88.2897237392999,77.6603664841837,74.3708277980701,75.7774833232774,76.1297491148549,68.2370644236799,102.089777757411,78.82856926007,90.2241792029176,68.8072663345424,70.3566158970299,71.56355543987,28.1595396545475,51.4069072709824,82.530798848455,22.82677109504,93.5430295272373,87.283268729315,26.2663005684563,27.8811732928825,32.8653964772475,23.7541869637825
14.99709217422,11.8091937044475,10000,87.4638414178937,10.44343597145,14.0849833248861,11.713800018685,15.1711872371887,88.6950061899561,84.2402340504273,83.5734794444874,84.6579475032149,86.7121130279449,75.0603662538874,111.51517312998,87.7908786510126,99.1273829612962,77.8501369327599,77.8870342768349,78.9794951442625,34.5965741310937,56.9682135604487,89.2078848734436,22.972927205705,99.7345477846739,94.9946322038324,22.6411303776138,28.7837962852412,46.81354467167,20.9948182066413
69.4298320829676,82.7641674537074,87.4638414178937,10000,88.5971487927162,65.0750618301473,92.6172441739675,74.1836457122312,17.47857307095,12.3316886529185,22.824036820345,14.413948744,10.25284493283,21.5510724109625,26.82554445736,12.466003643705,25.20740069385,22.555787477915,20.2236918689874,24.9791893701325,98.5709959399,107.60733422424,23.2077126483875,69.9798570846123,29.14843925502,24.4503832852375,75.467130048805,101.947738293681,44.68902204885,59.2814536865599
15.9303357591362,8.48449985082251,10.44343597145,88.5971487927162,10000,15.7957399735145,13.4536117014475,11.29490090394,97.3218459680538,82.7939520254522,80.0626859930712,80.4514457614475,83.1418453600475,72.78617567904,108.607293371123,82.765132855585,96.4927727060136,75.060213445955,74.53080319944,72.9134773531026,39.1089294709713,63.2333150982399,86.68024927893,29.0782563532175,100.086021722369,90.0791768387737,27.9041870261337,29.4534260984075,46.4814683357812,26.3690497284263
14.0827957156486,14.6440990459098,14.0849833248861,65.0750618301473,15.7957399735145,10000,10.2369529449548,11.9396462873407,70.1836608545472,58.346310246631,50.7433362445498,57.5681605415972,57.1513698747485,53.1512258363847,78.4933994610598,58.6494281466522,70.2926082342997,52.0202456343585,52.3427278737247,53.8251714837098,32.7857648645449,58.6356013085586,71.3069959204809,25.2233986658767,74.0806588274258,67.5691667958935,26.2864377087673,33.0231831329131,45.3123981142705,26.1698807529611
20.3621386749737,15.0078230179313,11.713800018685,92.6172441739675,13.4536117014475,10.2369529449548,10000,10.2076667983575,101.738074127699,90.7260426731548,83.8782369613513,85.0414016731936,85.9921378804725,77.2683798687837,112.583837337543,89.5004625740112,100.305397927521,79.0193661678775,79.6030998762512,78.5595771699511,30.8867490748562,59.9043642072212,91.9135195023686,21.2430983478125,105.166060518691,94.302318015895,20.8844723152463,28.7561438940013,50.5748632758449,24.1001189568563
11.4505231120237,13.7721113614812,15.1711872371887,74.1836457122312,11.29490090394,11.9396462873407,10.2076667983575,10000,83.5537984084434,74.2334033639687,63.8537888973638,66.3281115186936,69.6950180852887,58.7569284359163,93.1747485465212,73.1874896753499,85.3344138462461,60.3835005874812,64.6419596213261,60.8531547099512,31.4266426323562,50.6758440103625,76.1584764614937,19.9861248789925,87.6450901110211,78.5342501034437,22.9382252905838,24.0360480146313,47.034363968075,27.7129868274288
71.6522663693601,88.2897237392999,88.6950061899561,17.47857307095,97.3218459680538,70.1836608545472,101.738074127699,83.5537984084434,10000,19.2586318627685,24.4572477668813,21.017614039075,19.1325600217925,26.5210070487475,31.7078836850538,21.7613330866424,26.8422213995225,27.28565479181,27.611935060675,30.3556947588462,108.779211546512,117.969572221717,29.210143954675,76.02106785123,32.304749894395,25.20623343785,85.6028049553648,112.508229934118,53.1440164409375,67.3367632844599
66.8576402004498,77.6603664841837,84.2402340504273,12.3316886529185,82.7939520254522,58.346310246631,90.7260426731548,74.2334033639687,19.2586318627685,10000,16.0621421767409,16.3612243246724,17.6111614909538,17.0857975637962,37.5219688215746,16.3157117016876,34.3319452999847,17.6905881278022,15.6784672638449,16.5750261032412,95.1453265451599,101.91682408736,32.4219115654139,67.3600550165809,29.9763499678724,21.794627293895,70.8167900892388,101.079969414239,44.1884658307478,57.0986155930902
60.4062491355674,74.3708277980701,83.5734794444874,22.824036820345,80.0626859930712,50.7433362445498,83.8782369613513,63.8537888973638,24.4572477668813,16.0621421767409,10000,11.66522727929,12.4446780829112,4.990149165205,41.1582192763637,16.6296612638162,39.3499522943849,3.23387004566999,8.50196397032248,6.33182540741624,89.3246045466276,98.8395323751699,33.7949498289763,58.3380401184912,32.9377436837575,22.4938960241188,63.9209064745913,91.8595091369961,31.5206627025962,43.9384753633849
64.3496750396375,75.7774833232774,84.6579475032149,14.413948744,80.4514457614475,57.5681605415972,85.0414016731936,66.3281115186936,21.017614039075,16.3612243246724,11.66522727929,10000,8.97139529018748,9.76621558121996,24.5761886128062,8.16544696867248,22.4922296658625,14.09575069901,11.6298910942,16.683498102045,91.7583735140936,98.5426909588873,19.4743737688625,61.6689100182799,25.466539727095,9.3815643674375,67.1594737094499,94.3797904962689,37.7926558594875,52.82083345209
66.5391231035323,76.1297491148549,86.7121130279449,10.25284493283,83.1418453600475,57.1513698747485,85.9921378804725,69.6950180852887,19.1325600217925,17.6111614909538,12.4446780829112,8.97139529018748,10000,15.3907034808125,20.3836503617675,4.11658474557249,15.127979968515,13.9968644674113,12.7794633489162,15.5368290140712,89.3545033642736,99.8753116085201,18.857706320255,63.3574969643225,23.9705169447725,16.8397724469925,70.0271837671062,96.5356566074826,38.898595358105,52.6114891236801
61.6319393375749,68.2370644236799,75.0603662538874,21.5510724109625,72.78617567904,53.1512258363847,77.2683798687837,58.7569284359163,26.5210070487475,17.0857975637962,4.990149165205,9.76621558121996,15.3907034808125,10000,41.0373122160512,15.8578822143412,38.2052059735225,7.76343518612624,7.64555611653999,7.5099957797275,85.2781554201523,90.1159105558602,26.5179567746,60.31528319436,32.453445380845,20.02822815786,60.5132919384838,85.1696417195764,32.096742059135,47.6996983201325
83.960814876725,102.089777757411,111.51517312998,26.82554445736,108.607293371123,78.4933994610598,112.583837337543,93.1747485465212,31.7078836850538,37.5219688215746,41.1582192763637,24.5761886128062,20.3836503617675,41.0373122160512,10000,22.8209308790375,12.3254324928987,44.1550470809363,37.6697807033888,50.7345079861575,116.942078724841,127.026433239911,30.9939100988938,81.339827268405,16.8052175621988,34.052284999175,93.9297659606111,121.87240691607,60.9114901901201,74.2010518772449
69.5828879224049,78.82856926007,87.7908786510126,12.466003643705,82.765132855585,58.6494281466522,89.5004625740112,73.1874896753499,21.7613330866424,16.3157117016876,16.6296612638162,8.16544696867248,4.11658474557249,15.8578822143412,22.8209308790375,10000,18.7390754156,17.544749359805,15.9427093046812,14.44147656866,95.2619597502076,100.081780282509,17.3396907740799,67.2534576352938,25.2182746536562,13.1429426612775,69.1905514384789,100.233645884487,43.0333988810825,56.8201567461287
76.8123438324649,90.2241792029176,99.1273829612962,25.20740069385,96.4927727060136,70.2926082342997,100.305397927521,85.3344138462461,26.8422213995225,34.3319452999847,39.3499522943849,22.4922296658625,15.127979968515,38.2052059735225,12.3254324928987,18.7390754156,10000,40.4229676297187,33.06562559062,47.13647948879,104.577811391327,115.03192574851,22.7680617723749,75.1828127218998,12.6222242795675,30.7764077739525,85.1510440141414,112.177475530481,53.865053310605,66.8307853053775
62.1289430529613,68.8072663345424,77.8501369327599,22.555787477915,75.060213445955,52.0202456343585,79.0193661678775,60.3835005874812,27.28565479181,17.6905881278022,3.23387004566999,14.09575069901,13.9968644674113,7.76343518612624,44.1550470809363,17.544749359805,40.4229676297187,10000,11.84432389751,4.947436014585,84.00838651372,93.5730413371261,30.699010772565,60.4823813711612,36.13699451303,24.0770446743463,60.2697312418274,87.9286243789862,28.4440426996613,42.9133235429074
61.52755793096,70.3566158970299,77.8870342768349,20.2236918689874,74.53080319944,52.3427278737247,79.6030998762512,64.6419596213261,27.611935060675,15.6784672638449,8.50196397032248,11.6298910942,12.7794633489162,7.64555611653999,37.6697807033888,15.9427093046812,33.06562559062,11.84432389751,10000,13.5339099827325,86.0583478893525,93.7599422411362,29.40801639612,59.9972326090575,28.8449611117862,21.5043715365162,65.4120330211323,91.4290843300498,36.1756881436024,50.6227091522124
67.2141854235049,71.56355543987,78.9794951442625,24.9791893701325,72.9134773531026,53.8251714837098,78.5595771699511,60.8531547099512,30.3556947588462,16.5750261032412,6.33182540741624,16.683498102045,15.5368290140712,7.5099957797275,50.7345079861575,14.44147656866,47.13647948879,4.947436014585,13.5339099827325,10000,87.0597997185888,91.0315677717974,30.2625155912074,64.3086684342774,40.5991010085137,23.3300577692175,58.4028183018412,88.2805132507088,31.05875459152,45.212518152665
38.31266069151,28.1595396545475,34.5965741310937,98.5709959399,39.1089294709713,32.7857648645449,30.8867490748562,31.4266426323562,108.779211546512,95.1453265451599,89.3246045466276,91.7583735140936,89.3545033642736,85.2781554201523,116.942078724841,95.2619597502076,104.577811391327,84.00838651372,86.0583478893525,87.0597997185888,10000,29.0200625267325,96.8673149699437,25.459960517915,106.049041536194,100.482626913519,19.81180837185,20.7954761802725,39.4134641407062,32.0538179446325
57.3997371563674,51.4069072709824,56.9682135604487,107.60733422424,63.2333150982399,58.6356013085586,59.9043642072212,50.6758440103625,117.969572221717,101.91682408736,98.8395323751699,98.5426909588873,99.8753116085201,90.1159105558602,127.026433239911,100.081780282509,115.03192574851,93.5730413371261,93.7599422411362,91.0315677717974,29.0200625267325,10000,104.324947496513,43.6755069593724,116.10793232243,106.421577084102,33.4589376894987,39.8859058221924,59.6943937188325,56.3017243017799
78.3295269027525,82.530798848455,89.2078848734436,23.2077126483875,86.68024927893,71.3069959204809,91.9135195023686,76.1584764614937,29.210143954675,32.4219115654139,33.7949498289763,19.4743737688625,18.857706320255,26.5179567746,30.9939100988938,17.3396907740799,22.7680617723749,30.699010772565,29.40801639612,30.2625155912074,96.8673149699437,104.324947496513,10000,76.8271244830024,21.2405965901,16.22691019795,77.4773894756662,101.669407650831,49.0112764844875,64.4151709600876
27.1727786462138,22.82677109504,22.972927205705,69.9798570846123,29.0782563532175,25.2233986658767,21.2430983478125,19.9861248789925,76.02106785123,67.3600550165809,58.3380401184912,61.6689100182799,63.3574969643225,60.31528319436,81.339827268405,67.2534576352938,75.1828127218998,60.4823813711612,59.9972326090575,64.3086684342774,25.459960517915,43.6755069593724,76.8271244830024,10000,75.7487273579575,73.0253799591175,17.1432803545387,21.4078620126837,47.3418691074774,21.2360653584675
77.6201843255277,93.5430295272373,99.7345477846739,29.14843925502,100.086021722369,74.0806588274258,105.166060518691,87.6450901110211,32.304749894395,29.9763499678724,32.9377436837575,25.466539727095,23.9705169447725,32.453445380845,16.8052175621988,25.2182746536562,12.6222242795675,36.13699451303,28.8449611117862,40.5991010085137,106.049041536194,116.10793232243,21.2405965901,75.7487273579575,10000,26.2944329720675,86.7586997237359,111.941561879447,56.0022553644726,68.58816903365
76.0744197047249,87.283268729315,94.9946322038324,24.4503832852375,90.0791768387737,67.5691667958935,94.302318015895,78.5342501034437,25.20623343785,21.794627293895,22.4938960241188,9.3815643674375,16.8397724469925,20.02822815786,34.052284999175,13.1429426612775,30.7764077739525,24.0770446743463,21.5043715365162,23.3300577692175,100.482626913519,106.421577084102,16.22691019795,73.0253799591175,26.2944329720675,10000,76.4902139412163,104.540457360095,47.4197040196126,61.87748439861
30.5898822516525,26.2663005684563,22.6411303776138,75.467130048805,27.9041870261337,26.2864377087673,20.8844723152463,22.9382252905838,85.6028049553648,70.8167900892388,63.9209064745913,67.1594737094499,70.0271837671062,60.5132919384838,93.9297659606111,69.1905514384789,85.1510440141414,60.2697312418274,65.4120330211323,58.4028183018412,19.81180837185,33.4589376894987,77.4773894756662,17.1432803545387,86.7586997237359,76.4902139412163,10000,13.9977764259888,46.4973884869138,21.563572781415
32.2885724646075,27.8811732928825,28.7837962852412,101.947738293681,29.4534260984075,33.0231831329131,28.7561438940013,24.0360480146313,112.508229934118,101.079969414239,91.8595091369961,94.3797904962689,96.5356566074826,85.1696417195764,121.87240691607,100.233645884487,112.177475530481,87.9286243789862,91.4290843300498,88.2805132507088,20.7954761802725,39.8859058221924,101.669407650831,21.4078620126837,111.941561879447,104.540457360095,13.9977764259888,10000,58.5569403775688,37.0709000329911
48.9019392952425,32.8653964772475,46.81354467167,44.68902204885,46.4814683357812,45.3123981142705,50.5748632758449,47.034363968075,53.1440164409375,44.1884658307478,31.5206627025962,37.7926558594875,38.898595358105,32.096742059135,60.9114901901201,43.0333988810825,53.865053310605,28.4440426996613,36.1756881436024,31.05875459152,39.4134641407062,59.6943937188325,49.0112764844875,47.3418691074774,56.0022553644726,47.4197040196126,46.4973884869138,58.5569403775688,10000,23.4040736196449
27.0666861002775,23.7541869637825,20.9948182066413,59.2814536865599,26.3690497284263,26.1698807529611,24.1001189568563,27.7129868274288,67.3367632844599,57.0986155930902,43.9384753633849,52.82083345209,52.6114891236801,47.6996983201325,74.2010518772449,56.8201567461287,66.8307853053775,42.9133235429074,50.6227091522124,45.212518152665,32.0538179446325,56.3017243017799,64.4151709600876,21.2360653584675,68.58816903365,61.87748439861,21.563572781415,37.0709000329911,23.4040736196449,10000
