10000,2.84883522756044,1.93423123607204,13.3284307015637,4.39895986175587,2.13861898999001,4.07829247756413,1.31278550866426,13.7017551622846,13.0053086192801,12.7449855139145,13.2004567452889,12.9615615218621,11.8897457969339,16.4869137963041,13.9033957944679,15.1370227637154,12.134413718633,12.3997847279339,12.4233332226517,3.63506727276095,4.35796602215874,13.4142989374375,3.59479882490761,15.0785454116119,14.0574840740809,4.00257913568842,5.20081554620586,4.79706718822305,3.8629968420918
2.84883522756044,10000,2.46889041532505,12.7597943997917,5.38832874064999,3.49995412499289,5.19663537019464,2.50478104684899,13.3915237251718,12.3656011059992,11.8865479041431,12.6375017863476,12.5595058319201,11.5956996555142,15.5706254667212,13.0412605338759,14.3588126636778,11.415047368076,12.0507533083737,11.5609732794863,4.47210600938012,5.12255351486688,13.1667467387863,3.97718725540581,14.5103702347542,13.2039532452849,3.83185811198535,5.79478733013458,4.52647370754541,2.9310195823028
1.93423123607204,2.46889041532505,10000,13.237310162851,4.76611360305816,2.59035394216202,4.53590538955348,2.0120218918388,13.7310586200479,12.8487454373318,12.3542035855696,12.9928551223064,12.7726281892013,11.5536647878866,16.1134498413935,13.5716540420202,14.8443437552971,11.8447769069273,12.0872698250516,12.0422096949806,3.42184149714483,4.41317995662409,13.103888397645,3.23354249332687,14.83867399365,13.7091807147952,3.35870492684426,5.45512303315464,4.34129306631489,3.08726612733471
13.3284307015637,12.7597943997917,13.237310162851,10000,13.4091623685537,13.2492578287055,13.9983645096604,13.5935331877559,2.08433167250233,1.39577600370963,3.03950731806662,2.34392135701831,2.92512369286659,4.12668006638192,4.27655410686959,2.19835222897606,2.70208197478346,2.5176878571426,3.4936772406531,3.48009745754427,14.6289760853241,16.5141615946521,4.97127612615803,14.2998748557509,3.49735839138883,3.65853981361545,14.4684742847315,15.5569392703506,10.4408261201309,12.5766546195145
4.39895986175587,5.38832874064999,4.76611360305816,13.4091623685537,10000,3.81962851018256,1.46884150136717,4.46175938469951,13.5975653864104,13.0783178338394,12.9365024350511,13.0419620567998,12.8567281711675,11.5586635464101,16.5770832445649,13.9081304442621,14.9159901165264,11.9975542869056,12.0794496987661,12.9150219213077,4.10221431855196,5.93124711779286,12.9975540487745,5.10519863155736,14.7711183902582,14.0632956599687,5.42270554896317,4.27873243485624,5.19364682705625,5.20805333958038
2.13861898999001,3.49995412499289,2.59035394216202,13.2492578287055,3.81962851018256,10000,3.86868676029266,1.84355596242588,13.5231170950849,12.8161523645994,12.5077135889742,13.0984130527704,12.8884282476336,11.6056484692257,16.2667100946208,13.7500231331367,14.9658161591909,11.9727263735717,12.1327085667553,12.2109155999852,3.40000191762874,4.74080525672527,13.1159924830035,3.66409298024041,14.90903514364,13.8691138351012,3.79658819972874,5.7393931838394,4.52949539971916,3.7058137387563
4.07829247756413,5.19663537019464,4.53590538955348,13.9983645096604,1.46884150136717,3.86868676029266,10000,4.09577886372079,14.3190412845614,13.7142737901311,13.5728564520415,13.6810878192649,13.4728956656118,12.2202125991394,17.2300234423513,14.5163214845127,15.5849520328213,12.6368394509872,12.7407265969429,13.5296111944181,3.98441541354348,5.24580332933184,13.6697187654696,4.73006807554552,15.4410572841096,14.6802938374284,5.09385627382515,3.38870314365222,5.58709817544182,5.09456764120934
1.31278550866426,2.50478104684899,2.0120218918388,13.5935331877559,4.46175938469951,1.84355596242588,4.09577886372079,10000,14.0471793562299,13.211878760114,12.8328826353636,13.4151608411131,13.1756646513009,12.0830116816866,16.5856227627101,14.0302829221686,15.3230235252955,12.3069765523734,12.6068344153972,12.503751551808,3.38087660975285,3.91216545834107,13.6211914838271,3.12172685410445,15.3069512445001,14.168211011728,3.37797556044631,5.11849875385902,4.74560313286397,3.37307574336395
13.7017551622846,13.3915237251718,13.7310586200479,2.08433167250233,13.5975653864104,13.5231170950849,14.3190412845614,14.0471793562299,10000,2.42854431985381,4.18028509599199,3.28093583481589,3.72614803644012,4.7308057890622,5.01843202602539,3.65249888527404,3.65335529420997,3.7232933869195,4.12058576565579,4.59545298959357,15.0447374995776,17.0208319120402,5.29568335157443,14.8332252405226,3.97337536195146,4.5926689870996,15.0515360726007,16.0424804829882,10.9718277435321,13.2402751444741
13.0053086192801,12.3656011059992,12.8487454373318,1.39577600370963,13.0783178338394,12.8161523645994,13.7142737901311,13.211878760114,2.42854431985381,10000,2.4354903318607,2.63960323698021,3.21640310165399,3.99613583144393,4.07013226534746,2.08521781849255,2.90346331692755,2.39434481291634,3.46083542108064,3.01855161500686,14.2608513932553,16.2126691755336,4.9320137846753,13.9528143097216,3.78717221563414,3.37288123679559,14.0518452395483,15.3440267364378,10.0527864740878,12.1739031640626
12.7449855139145,11.8865479041431,12.3542035855696,3.03950731806662,12.9365024350511,12.5077135889742,13.5728564520415,12.8328826353636,4.18028509599199,2.4354903318607,10000,2.60334104826438,3.11518970052232,3.53861826015237,3.87694951453121,1.97835065284507,3.19144233075021,1.99107935857249,3.08579993612404,1.40090001359313,13.6538038760594,15.6202529047166,4.73099012243514,13.3308450360086,3.99533511712649,3.16764621044383,13.4067825874786,15.04459459495,9.41517962580936,11.5401482281712
13.2004567452889,12.6375017863476,12.9928551223064,2.34392135701831,13.0419620567998,13.0984130527704,13.6810878192649,13.4151608411131,3.28093583481589,2.63960323698021,2.60334104826438,10000,1.51122450146886,2.98838451880207,4.41468383996481,2.09748082458963,2.4613545320676,1.60222397484495,2.14793677260875,3.09117944967037,14.0644351499069,16.0910546806092,4.04676373359125,13.8621326296701,2.75528139206743,3.48932422412556,14.117357103815,15.1311250221729,9.88248498177668,12.2781496065165
12.9615615218621,12.5595058319201,12.7726281892013,2.92512369286659,12.8567281711675,12.8884282476336,13.4728956656118,13.1756646513009,3.72614803644012,3.21640310165399,3.11518970052232,1.51122450146886,10000,2.5860842132508,4.99843130722745,2.83137352127206,3.32470149413107,2.27855092319068,2.07088437341108,3.46113244638644,13.8495814613304,15.8232095003431,3.70019994571707,13.6183534400393,3.41553974597534,3.97954963306842,13.9092591317096,14.8925912731896,9.71491285890529,12.1264053495685
11.8897457969339,11.5956996555142,11.5536647878866,4.12668006638192,11.5586635464101,11.6056484692257,12.2202125991394,12.0830116816866,4.7308057890622,3.99613583144393,3.53861826015237,2.98838451880207,2.5860842132508,10000,6.25162666833493,4.03737209180305,4.57456563130337,2.65181909088244,1.24666587224393,3.81653127872788,12.474406931616,14.6518509479247,2.94874201678832,12.4059902770025,4.48355028428907,4.78464415497691,12.6287159342581,13.8387521492121,8.4566872662598,10.9270922653233
16.4869137963041,15.5706254667212,16.1134498413935,4.27655410686959,16.5770832445649,16.2667100946208,17.2300234423513,16.5856227627101,5.01843202602539,4.07013226534746,3.87694951453121,4.41468383996481,4.99843130722745,6.25162666833493,10000,2.95593431884648,2.67628082870017,4.92614968893961,5.58860648155621,4.5134549754781,17.4828738584026,19.4014306405021,6.35961781610698,17.0899384085131,4.0012004549407,3.94026277456155,17.1404325621077,18.6553735662005,13.1796768873558,15.2614534647774
13.9033957944679,13.0412605338759,13.5716540420202,2.19835222897606,13.9081304442621,13.7500231331367,14.5163214845127,14.0302829221686,3.65249888527404,2.08521781849255,1.97835065284507,2.09748082458963,2.83137352127206,4.03737209180305,2.95593431884648,10000,1.75027974041403,2.19805880775036,3.38009542168215,2.71224261539776,14.906215837982,16.8169264674407,4.84382031031427,14.5388538080757,3.12894596173941,2.76248246407043,14.6402999845653,15.9298972245422,10.6241709466771,12.7339425150296
15.1370227637154,14.3588126636778,14.8443437552971,2.70208197478346,14.9159901165264,14.9658161591909,15.5849520328213,15.3230235252955,3.65335529420997,2.90346331692755,3.19144233075021,2.4613545320676,3.32470149413107,4.57456563130337,2.67628082870017,1.75027974041403,10000,3.06512897767047,3.80421878969868,3.86673667688963,16.0031944178285,18.0573854549168,4.93955601126674,15.7809576675575,2.41154885799925,3.31172042996965,15.9029764953673,17.0546605476584,11.7575674475056,14.0062311811549
12.134413718633,11.415047368076,11.8447769069273,2.5176878571426,11.9975542869056,11.9727263735717,12.6368394509872,12.3069765523734,3.7232933869195,2.39434481291634,1.99107935857249,1.60222397484495,2.27855092319068,2.65181909088244,4.92614968893961,2.19805880775036,3.06512897767047,10000,2.10613621422977,2.4712300552107,12.9741079400227,15.0224699690584,4.18836175339724,12.7732629687046,3.60463269772784,3.45806925487869,12.9282231862196,14.1228476550589,8.7695240515505,11.0491884994028
12.3997847279339,12.0507533083737,12.0872698250516,3.4936772406531,12.0794496987661,12.1327085667553,12.7407265969429,12.6068344153972,4.12058576565579,3.46083542108064,3.08579993612404,2.14793677260875,2.07088437341108,1.24666587224393,5.58860648155621,3.38009542168215,3.80421878969868,2.10613621422977,10000,3.46250415492909,13.0344091611486,15.2001605061199,3.19486297283265,12.9368911422974,3.69819767826505,4.27114271840914,13.1757868055658,14.3520376862219,8.94684313714913,11.4306483520861
12.4233332226517,11.5609732794863,12.0422096949806,3.48009745754427,12.9150219213077,12.2109155999852,13.5296111944181,12.503751551808,4.59545298959357,3.01855161500686,1.40090001359313,3.09117944967037,3.46113244638644,3.81653127872788,4.5134549754781,2.71224261539776,3.86673667688963,2.4712300552107,3.46250415492909,10000,13.3552514964148,15.2743767073807,5.05954555385593,13.0043458985735,4.551000339322,3.68190977603533,13.0936609993501,14.9705088804476,9.15301337785017,11.2376292564625
3.63506727276095,4.47210600938012,3.42184149714483,14.6289760853241,4.10221431855196,3.40000191762874,3.98441541354348,3.38087660975285,15.0447374995776,14.2608513932553,13.6538038760594,14.0644351499069,13.8495814613304,12.474406931616,17.4828738584026,14.906215837982,16.0031944178285,12.9741079400227,13.0344091611486,13.3552514964148,10000,3.68984624392539,13.9130186733282,2.85102243695309,15.8446337785794,14.9337423518727,3.64946217437543,4.81801809032306,4.68422639150424,3.8134119250107
4.35796602215874,5.12255351486688,4.41317995662409,16.5141615946521,5.93124711779286,4.74080525672527,5.24580332933184,3.91216545834107,17.0208319120402,16.2126691755336,15.6202529047166,16.0910546806092,15.8232095003431,14.6518509479247,19.4014306405021,16.8169264674407,18.0573854549168,15.0224699690584,15.2001605061199,15.2743767073807,3.68984624392539,10000,15.8522448344271,2.91776864880316,17.7342419395005,16.6175399522111,2.98982331037893,4.17171715986247,6.70268422345712,4.90036106260852
13.4142989374375,13.1667467387863,13.103888397645,4.97127612615803,12.9975540487745,13.1159924830035,13.6697187654696,13.6211914838271,5.29568335157443,4.9320137846753,4.73099012243514,4.04676373359125,3.70019994571707,2.94874201678832,6.35961781610698,4.84382031031427,4.93955601126674,4.18836175339724,3.19486297283265,5.05954555385593,13.9130186733282,15.8522448344271,10000,13.536550479828,3.78545740123277,4.21263461879134,13.7831256077588,14.9524994933491,9.66391961928138,12.1731038853897
3.59479882490761,3.97718725540581,3.23354249332687,14.2998748557509,5.10519863155736,3.66409298024041,4.73006807554552,3.12172685410445,14.8332252405226,13.9528143097216,13.3308450360086,13.8621326296701,13.6183534400393,12.4059902770025,17.0899384085131,14.5388538080757,15.7809576675575,12.7732629687046,12.9368911422974,13.0043458985735,2.85102243695309,2.91776864880316,13.536550479828,10000,15.4864760141053,14.2675996926467,2.38600978022173,4.35434597456419,4.19029518876724,2.44604380309796
15.0785454116119,14.5103702347542,14.83867399365,3.49735839138883,14.7711183902582,14.90903514364,15.4410572841096,15.3069512445001,3.97337536195146,3.78717221563414,3.99533511712649,2.75528139206743,3.41553974597534,4.48355028428907,4.0012004549407,3.12894596173941,2.41154885799925,3.60463269772784,3.69819767826505,4.551000339322,15.8446337785794,17.7342419395005,3.78545740123277,15.4864760141053,10000,2.75515041810094,15.6172768465153,16.7201916794318,11.503469542736,13.9273739337844
14.0574840740809,13.2039532452849,13.7091807147952,3.65853981361545,14.0632956599687,13.8691138351012,14.6802938374284,14.168211011728,4.5926689870996,3.37288123679559,3.16764621044383,3.48932422412556,3.97954963306842,4.78464415497691,3.94026277456155,2.76248246407043,3.31172042996965,3.45806925487869,4.27114271840914,3.68190977603533,14.9337423518727,16.6175399522111,4.21263461879134,14.2675996926467,2.75515041810094,10000,14.3247084976782,15.7635074529893,10.4172431736096,12.5466043271741
4.00257913568842,3.83185811198535,3.35870492684426,14.4684742847315,5.42270554896317,3.79658819972874,5.09385627382515,3.37797556044631,15.0515360726007,14.0518452395483,13.4067825874786,14.117357103815,13.9092591317096,12.6287159342581,17.1404325621077,14.6402999845653,15.9029764953673,12.9282231862196,13.1757868055658,13.0936609993501,3.64946217437543,2.98982331037893,13.7831256077588,2.38600978022173,15.6172768465153,14.3247084976782,10000,4.88827247371021,4.8841730425182,3.03371619888456
5.20081554620586,5.79478733013458,5.45512303315464,15.5569392703506,4.27873243485624,5.7393931838394,3.38870314365222,5.11849875385902,16.0424804829882,15.3440267364378,15.04459459495,15.1311250221729,14.8925912731896,13.8387521492121,18.6553735662005,15.9298972245422,17.0546605476584,14.1228476550589,14.3520376862219,14.9705088804476,4.81801809032306,4.17171715986247,14.9524994933491,4.35434597456419,16.7201916794318,15.7635074529893,4.88827247371021,10000,6.55051853594387,5.42946634468828
4.79706718822305,4.52647370754541,4.34129306631489,10.4408261201309,5.19364682705625,4.52949539971916,5.58709817544182,4.74560313286397,10.9718277435321,10.0527864740878,9.41517962580936,9.88248498177668,9.71491285890529,8.4566872662598,13.1796768873558,10.6241709466771,11.7575674475056,8.7695240515505,8.94684313714913,9.15301337785017,4.68422639150424,6.70268422345712,9.66391961928138,4.19029518876724,11.503469542736,10.4172431736096,4.8841730425182,6.55051853594387,10000,2.96305883876294
3.8629968420918,2.9310195823028,3.08726612733471,12.5766546195145,5.20805333958038,3.7058137387563,5.09456764120934,3.37307574336395,13.2402751444741,12.1739031640626,11.5401482281712,12.2781496065165,12.1264053495685,10.9270922653233,15.2614534647774,12.7339425150296,14.0062311811549,11.0491884994028,11.4306483520861,11.2376292564625,3.8134119250107,4.90036106260852,12.1731038853897,2.44604380309796,13.9273739337844,12.5466043271741,3.03371619888456,5.42946634468828,2.96305883876294,10000
